1,-1,1
2,-1,5
3,-1,9
4,-1,13
1,-1,17
2,-1,21
3,-1,25
4,-1,29
1,1,33
2,-1,37
3,-1,41
4,-1,45
1,-1,49
2,-1,53
3,-1,57
4,-1,61
1,1,65
2,1,
3,1,69
4,1,73
0,1,77
1,1,81
2,1,
3,1,85
4,1,90
0,-1,95
1,1,99
2,1,
3,-1,104
4,-1,109
0,1,114
1,1,118
2,1,
3,1,123
4,1,128
0,-1,133
1,-1,137
2,1,
3,-1,142
4,1,147
1,1,
2,1,
3,1,152
4,1,156
0,-1,160
1,1,
2,1,
3,-1,164
4,-1,169
0,-1,174
1,1,
2,-1,178
3,-1,182
4,-1,187
0,-1,192
1,1,
2,1,
3,-1,196
4,-1,201
0,-1,206
1,1,
2,1,
3,-1,210
4,-1,215
1,1,220
2,1,224
3,1,
4,1,228
0,-1,232
1,1,236
2,-1,241
3,1,
4,-1,246
0,-1,251
1,-1,255
2,-1,260
3,1,
4,-1,265
0,-1,270
1,-1,274
2,1,279
3,-1,284
4,-1,288
0,-1,293
1,-1,297
2,-1,302
3,1,
4,1,
1,1,307
2,1,311
3,1,315
4,1,319
0,-1,323
1,-1,327
2,-1,332
3,-1,337
4,-1,342
0,-1,347
1,-1,351
2,-1,356
3,-1,361
4,1,366
0,-1,371
1,1,375
2,-1,380
3,-1,385
4,1,390
0,-1,395
1,1,399
2,1,404
3,1,409
4,-1,414
0,-1,418
1,-1,422
2,1,
3,1,426
4,-1,431
0,1,
2,1,
3,1,436
4,1,440
0,1,
1,-1,444
2,-1,448
3,-1,453
4,-1,458
0,1,
1,-1,463
2,1,
3,-1,467
4,-1,472
0,1,
1,-1,477
2,1,
3,-1,481
4,1,486
0,-1,491
1,1,
2,1,
3,-1,495
4,-1,500
0,1,
1,1,
2,-1,505
3,-1,509
4,-1,514
0,1,
1,1,
2,1,
3,-1,519
4,-1,524
0,1,
1,1,
2,1,
3,-1,529
4,-1,534
0,-1,539
1,1,543
2,-1,548
3,1,
4,-1,553
0,1,
1,-1,558
2,-1,563
3,1,
4,-1,568
0,1,
1,-1,573
2,-1,578
3,-1,583
4,-1,587
0,1,
1,-1,592
2,-1,597
3,1,
4,1,
0,-1,602
1,-1,606
2,-1,611
3,-1,616
4,-1,621
0,1,
1,-1,626
2,-1,631
3,-1,636
4,-1,641
0,1,
1,-1,646
2,-1,651
3,-1,656
4,-1,661
0,1,
1,1,666
2,-1,671
3,-1,676
4,-1,681
0,-1,685
1,1,689
2,1,
3,-1,694
4,-1,699
0,1,
1,1,704
2,1,
3,-1,708
4,1,713
0,1,
1,-1,718
2,-1,723
3,-1,727
4,-1,732
0,1,
1,-1,737
2,1,
3,-1,742
4,-1,747
0,1,
1,-1,752
2,1,
3,-1,757
4,-1,762
0,-1,767
1,1,
2,1,771
3,-1,775
4,-1,780
0,1,
1,-1,785
2,-1,790
3,-1,794
4,-1,799
0,1,
1,1,
3,-1,804
4,1,808
0,1,
1,1,
2,-1,812
3,-1,816
4,-1,821
0,1,
1,1,
2,-1,826
3,-1,830
4,-1,835
0,-1,840
1,-1,844
2,-1,849
3,1,
4,-1,854
0,1,
1,-1,859
2,-1,864
3,1,
4,-1,869
0,1,
1,-1,874
2,-1,879
3,1,
4,-1,883
0,1,
1,-1,888
2,-1,893
3,1,
4,1,
0,-1,898
1,-1,902
2,-1,907
3,-1,912
4,1,917
0,1,
1,-1,922
2,-1,927
3,-1,932
4,-1,937
0,1,
1,-1,942
2,-1,947
3,-1,951
4,-1,956
0,1,
1,-1,961
2,-1,966
3,-1,971
4,-1,976
0,1,
1,1,981
2,1,986
3,-1,991
4,-1,996
0,1,1000
1,1,1004
2,1,
3,1,1009
4,1,1014
0,1,
1,1,1019
2,1,
3,1,1023
4,1,1028
0,1,
1,-1,1033
2,1,
3,-1,1038
4,-1,1043
0,1,
1,-1,1048
2,1,
3,-1,1053
4,-1,1057
0,1,
1,-1,1062
2,1,
3,-1,1067
4,-1,1072
0,-1,1077
1,1,
2,1,
3,-1,1081
4,-1,1086
0,1,
1,1,
2,1,
3,-1,1091
4,-1,1096
0,1,
1,1,
2,1,
3,-1,1101
4,-1,1105
0,1,
1,1,
2,1,
3,-1,1110
4,-1,1115
0,-1,1120
1,1,1124
2,-1,1129
3,-1,1134
4,-1,1138
0,1,
1,-1,1143
2,-1,1148
3,-1,1153
4,-1,1157
0,1,
1,-1,1162
2,-1,1167
3,-1,1172
4,-1,1176
0,1,
1,1,1181
2,-1,1185
4,1,1189
0,1,
1,-1,1193
2,-1,1198
3,-1,1203
4,-1,1207
0,-1,1212
1,1,1216
2,-1,1221
3,-1,1226
4,1,1231
0,1,
1,-1,1236
2,-1,1241
3,-1,1246
4,-1,1251
0,1,
1,-1,1256
2,-1,1261
3,-1,1266
4,-1,1271
0,1,
1,-1,1276
2,-1,1281
3,-1,1286
4,-1,1290
0,1,
1,1,1295
2,-1,1300
3,1,1305
4,1,1310
0,-1,1314
1,-1,1318
2,1,
3,-1,1323
4,1,1328
0,1,
1,-1,1333
2,1,
3,-1,1337
4,1,1342
0,1,
1,-1,1347
2,1,
3,-1,1352
4,-1,1357
0,1,
1,-1,1362
2,1,
3,-1,1367
4,-1,1372
0,-1,1377
1,1,
2,1,
3,-1,1381
4,-1,1386
0,1,
1,1,
2,1,
3,-1,1391
4,-1,1396
0,1,
1,1,
2,1,
3,-1,1401
4,-1,1406
0,-1,1411
1,-1,1415
2,-1,1420
3,1,
4,1,
0,1,
1,-1,1425
2,-1,1430
3,1,
4,1,
0,1,
1,-1,1435
2,-1,1440
3,1,
4,1,
0,1,
1,-1,1445
2,-1,1450
3,-1,1455
4,1,
0,-1,1459
1,1,1463
2,-1,1468
3,1,
4,-1,1473
0,1,
1,1,1477
2,-1,1482
3,1,
4,-1,1487
0,1,
1,-1,1491
2,-1,1496
3,1,
4,-1,1501
0,1,
1,-1,1505
2,-1,1510
3,-1,1515
4,-1,1520
0,1,
1,1,1524
2,-1,1528
3,1,
0,1,1532
1,1,
2,1,
3,-1,1536
4,-1,1541
0,1,
2,1,
3,1,1546
4,1,1550
0,1,
1,1,
2,1,
3,-1,1554
4,1,1559
0,1,
1,1,
2,1,
3,1,1564
4,1,1569
0,1,
1,1,
2,1,
3,-1,1574
4,1,1579
0,1,1584
1,1,
2,1,
3,1,
4,-1,1588
0,1,
1,1,1593
2,1,
3,1,
4,1,1597
0,1,
1,1,
2,-1,1602
3,1,
4,-1,1606
0,1,
1,1,
2,1,
3,-1,1611
4,-1,1616
0,1,
1,1,
2,1,
3,1,
4,-1,1621
0,1,1626
1,-1,1630
2,1,
3,1,
4,-1,1635
0,1,
1,1,1640
2,1,
3,1,
4,1,1644
0,1,
1,-1,1649
2,1,
3,1,
4,-1,1654
0,1,
1,-1,1659
2,1,
3,-1,1664
4,-1,1668
0,1,
1,-1,1673
2,1,
3,1,
4,1,
0,1,1678
1,-1,1682
2,-1,1687
3,-1,1692
4,-1,1697
0,1,
1,-1,1702
2,1,1706
3,1,1711
4,1,1716
0,1,
1,1,1721
2,1,
3,-1,1726
4,1,1731
0,1,
1,1,1736
2,-1,1741
3,-1,1746
4,1,1751
0,1,
1,1,1756
2,1,1761
3,1,1766
4,1,1771
0,1,1775
1,1,1779
2,1,
3,1,1783
4,1,1788
0,1,
2,1,
3,1,1793
4,1,1797
0,1,
1,1,1801
2,1,
3,-1,1805
4,1,1810
0,1,
1,1,1815
2,1,
3,1,1819
4,1,1824
0,1,
1,-1,1829
2,1,
3,-1,1833
4,1,1838
0,1,
2,1,1843
3,1,1847
4,-1,1851
0,1,1855
2,1,
3,-1,1859
4,-1,1863
0,1,1867
2,-1,1871
3,-1,1875
4,-1,1879
0,-1,1883
2,-1,1887
3,-1,1891
4,-1,1895
0,1,
1,1,1899
2,1,
3,1,
4,1,1903
0,1,
2,1,
3,1,
4,1,1908
0,1,
1,-1,1912
2,-1,1916
3,1,
4,-1,1920
0,1,
1,-1,1925
2,1,
3,-1,1929
4,-1,1934
0,1,
1,-1,1939
2,1,
3,1,
4,-1,1943
0,1,
1,1,1948
2,1,
3,1,
4,1,1952
0,1,1957
2,1,
3,1,
4,1,1961
0,-1,1965
1,-1,1970
2,1,
3,1,
4,-1,1974
0,-1,1979
1,-1,1984
2,1,
3,-1,1988
4,-1,1992
0,-1,1997
1,-1,2002
2,1,
3,1,
4,1,
0,1,
1,-1,2006
2,1,2010
3,1,2015
4,1,2020
0,1,2025
2,1,2029
3,1,2033
4,1,2037
0,1,2041
1,-1,2046
2,1,
3,-1,2050
4,1,2055
0,1,2060
1,-1,2065
2,-1,2069
3,1,2074
4,1,2079
0,1,2084
1,1,2089
2,1,2093
3,1,2098
4,1,2103
0,-1,2107
1,1,2111
2,1,
3,-1,2116
4,-1,2121
0,1,
1,1,2126
2,1,
3,-1,2130
4,1,2135
0,1,
1,-1,2140
2,-1,2145
3,-1,2149
4,-1,2154
0,1,
1,-1,2159
2,1,
3,-1,2164
4,-1,2169
0,1,
1,-1,2174
2,1,
3,-1,2179
4,-1,2184
0,1,
1,1,
2,1,
3,-1,2189
4,1,2194
0,1,2199
2,1,
3,-1,2203
4,-1,2207
0,-1,2211
1,1,
2,-1,2216
3,-1,2220
4,-1,2225
0,-1,2230
1,1,
2,1,
3,-1,2235
4,-1,2240
0,-1,2245
1,1,
2,1,
3,-1,2250
4,-1,2255
0,1,
1,-1,2260
2,1,
3,1,
4,-1,2265
0,-1,2270
1,-1,2275
2,1,
3,1,
4,-1,2279
0,-1,2284
1,-1,2289
2,-1,2294
3,1,
4,-1,2298
0,-1,2303
1,-1,2308
2,1,
3,1,
4,1,
0,1,
1,1,2313
2,1,
3,-1,2318
4,1,2323
0,1,2328
1,-1,2333
2,1,
3,-1,2337
4,1,2342
0,-1,2347
1,-1,2352
2,-1,2357
3,-1,2361
4,-1,2366
0,-1,2371
1,-1,2376
2,1,
3,-1,2381
4,-1,2386
0,1,2391
1,1,2396
2,1,
3,-1,2401
4,-1,2406
0,1,2410
1,1,2414
2,1,
3,1,2419
4,1,2424
0,1,
1,1,2429
2,1,
3,1,2433
4,1,2438
0,1,
1,-1,2443
2,1,
3,-1,2448
4,-1,2453
0,1,
1,-1,2458
2,1,
3,-1,2463
4,-1,2467
0,1,
1,-1,2472
2,1,
3,-1,2477
4,-1,2482
0,1,
1,1,
2,1,
3,1,2487
4,1,2492
0,1,2497
2,1,
3,1,2501
4,1,2505
0,-1,2509
1,1,
2,1,
3,-1,2514
4,-1,2519
0,-1,2524
1,1,
2,1,
3,-1,2529
4,-1,2533
0,-1,2538
1,1,
2,1,
3,-1,2543
4,-1,2548
0,1,
1,1,
2,1,
3,-1,2553
4,-1,2558
0,1,
1,-1,2563
2,1,
3,-1,2567
4,-1,2572
0,1,
1,1,
2,1,
3,-1,2577
4,-1,2581
0,1,
1,1,
2,1,
3,-1,2586
4,-1,2591
0,1,
1,1,2596
2,-1,2601
3,-1,2606
4,-1,2610
0,1,2615
1,-1,2620
2,-1,2624
3,-1,2629
4,1,2633
0,-1,2638
1,-1,2643
2,1,
3,-1,2648
4,-1,2652
0,1,2657
1,1,2661
2,-1,2665
4,1,2669
0,-1,2673
1,-1,2678
2,-1,2683
3,-1,2688
4,-1,2692
0,1,
1,1,2697
2,-1,2702
3,-1,2707
4,1,2712
0,1,2717
1,-1,2722
2,-1,2726
3,1,2731
4,1,2736
0,-1,2741
1,-1,2746
2,1,
3,-1,2751
4,-1,2756
0,-1,2761
1,-1,2766
2,-1,2771
3,-1,2776
4,-1,2780
0,1,2785
1,1,2790
2,-1,2795
3,1,2800
4,-1,2805
0,-1,2809
1,-1,2813
2,1,
3,-1,2818
4,1,2823
0,1,
1,-1,2828
2,1,
3,-1,2832
4,1,2837
0,1,
1,-1,2842
2,1,
3,-1,2847
4,-1,2852
0,1,
1,-1,2857
2,1,
3,-1,2862
4,-1,2867
0,1,
1,1,
2,1,
3,-1,2872
4,1,2877
0,-1,2882
2,1,
3,-1,2886
4,1,2890
0,-1,2894
1,1,
2,1,
3,-1,2899
4,-1,2904
0,-1,2909
1,1,
2,1,
3,-1,2914
4,-1,2919
0,1,
1,1,
2,1,
3,1,
4,-1,2924
0,1,
1,-1,2929
2,1,
3,1,
4,-1,2933
0,1,
1,1,
2,1,
3,-1,2938
4,-1,2943
0,1,
1,-1,2948
2,1,
3,1,
4,1,
0,-1,2953
1,-1,2958
2,1,
3,1,
4,1,
0,-1,2962
1,-1,2967
2,1,
3,1,
4,1,
0,-1,2972
1,-1,2977
2,1,
3,-1,2982
4,1,
0,1,
1,1,2986
2,-1,2991
3,1,
4,1,2996
0,1,3000
1,-1,3005
2,-1,3009
3,1,
4,-1,3014
0,-1,3018
1,-1,3023
2,1,
3,1,
4,-1,3028
0,-1,3032
1,-1,3037
2,-1,3042
3,-1,3047
4,-1,3052
0,1,3056
1,1,3060
2,-1,3064
3,1,
1,1,
2,1,
3,1,3068
4,1,3072
0,-1,3076
1,1,
2,1,
3,-1,3080
4,-1,3085
0,-1,3090
1,1,
2,-1,3094
3,-1,3098
4,-1,3103
0,-1,3108
1,1,
2,1,
3,-1,3112
4,-1,3117
0,-1,3122
1,1,
2,1,
3,-1,3126
4,-1,3131
0,1,3136
1,1,
2,1,
3,1,
4,-1,3140
0,1,
1,1,3145
2,1,
3,1,
4,1,3149
0,1,
1,1,
2,-1,3154
3,1,
4,-1,3158
0,1,
1,1,
2,1,
3,-1,3163
4,-1,3168
0,1,
1,1,
2,1,
3,1,
4,-1,3173
0,1,3178
1,1,
2,1,
3,1,
4,1,
0,-1,3182
1,1,
2,1,
3,1,
4,1,
0,-1,3187
1,1,
2,-1,3192
3,1,
4,1,
0,1,3196
1,1,
2,1,
3,1,3201
4,1,
0,-1,3205
1,1,
2,1,
3,1,
4,1,
0,1,3210
1,-1,3214
2,1,
3,1,
4,-1,3219
0,-1,3224
1,1,
2,1,
3,1,
4,-1,3229
0,-1,3234
1,-1,3239
2,-1,3244
3,1,
4,-1,3248
0,-1,3253
1,-1,3258
2,1,
3,-1,3263
4,-1,3268
0,1,3273
1,1,3278
2,1,
3,1,
4,1,3283
0,-1,3287
1,1,
2,1,
3,-1,3291
4,-1,3296
0,1,
1,1,
2,-1,3301
3,-1,3305
4,-1,3310
0,1,
1,1,
2,1,
3,-1,3315
4,-1,3320
0,1,
1,1,
2,1,
3,-1,3325
4,-1,3330
0,-1,3335
1,1,
2,1,
3,1,
4,1,
0,-1,3340
1,1,
2,-1,3345
3,1,
4,1,
0,-1,3349
1,1,
2,1,
3,-1,3354
4,1,
0,-1,3358
1,1,
2,1,
3,1,
4,1,
0,-1,3363
1,1,
2,1,
3,1,
4,-1,3368
0,-1,3373
1,1,
2,-1,3378
3,1,
4,-1,3382
0,-1,3387
1,1,
2,1,
3,-1,3392
4,-1,3397
0,-1,3402
1,1,
2,1,
3,1,
4,-1,3407
0,-1,3411
1,1,
2,-1,3415
3,-1,3419
4,-1,3424
0,1,
1,1,
2,-1,3429
3,-1,3433
4,-1,3438
0,1,
1,1,
3,-1,3443
4,-1,3447
0,1,
1,1,
2,-1,3451
3,1,
4,-1,3455
0,1,
1,-1,3460
2,-1,3464
3,1,
4,-1,3468
0,1,
1,1,
3,1,
4,-1,3473
0,-1,3477
1,-1,3481
3,-1,3485
4,-1,3489
0,-1,3493
1,1,
3,-1,3497
4,-1,3501
0,-1,3505
1,1,
2,-1,3510
3,1,
4,1,
0,-1,3514
1,1,
2,-1,3519
3,1,
4,1,
0,-1,3523
1,1,
3,1,
4,1,
0,-1,3527
1,1,
2,-1,3532
3,-1,3536
4,1,
0,-1,3540
1,-1,3545
2,-1,3550
3,1,
4,-1,3554
0,-1,3559
1,1,
2,-1,3564
3,1,
4,-1,3568
0,-1,3573
1,-1,3577
3,1,
4,-1,3581
0,-1,3585
1,-1,3590
2,-1,3595
3,1,
4,-1,3599
0,-1,3603
1,1,
2,1,
3,-1,3607
4,-1,3612
0,1,
1,1,
2,1,
3,-1,3617
4,-1,3622
0,1,
1,1,
2,1,
3,-1,3627
4,-1,3631
0,1,
1,1,
2,1,
3,-1,3636
4,-1,3641
0,1,
1,1,
2,1,
3,-1,3646
4,-1,3651
0,1,
1,-1,3656
2,1,
3,-1,3660
4,-1,3665
0,1,
1,1,
2,1,
3,-1,3670
4,-1,3674
0,1,
1,1,
2,1,
3,-1,3679
4,-1,3684
0,-1,3689
1,-1,3694
2,1,
3,-1,3699
4,-1,3703
0,-1,3708
1,1,
2,1,
3,-1,3713
4,-1,3717
0,-1,3722
1,-1,3726
2,1,
4,-1,3730
0,-1,3734
1,-1,3739
2,1,
3,-1,3744
4,-1,3748
0,-1,3753
1,-1,3758
2,1,
3,-1,3763
4,-1,3768
0,-1,3773
1,1,
2,1,
3,-1,3778
4,-1,3783
0,-1,3788
1,-1,3793
2,1,
3,-1,3798
4,-1,3802
0,-1,3807
1,-1,3812
2,1,
3,-1,3817
4,-1,3822
0,-1,3826
1,1,
2,1,
3,-1,3830
4,-1,3835
0,1,
1,1,
2,1,
3,-1,3840
4,-1,3845
0,1,
1,1,
2,1,
3,-1,3850
4,-1,3855
0,1,
1,1,
2,1,
3,1,
4,-1,3860
0,1,
1,-1,3865
2,1,
3,1,
4,-1,3869
0,1,
1,1,
2,1,
3,-1,3874
4,-1,3879
0,-1,3884
1,1,
2,1,
3,1,
4,1,
0,-1,3889
1,1,
2,1,
3,1,
4,1,
0,-1,3894
1,1,
2,1,
3,-1,3899
4,1,
0,-1,3903
1,-1,3908
2,1,
3,1,
4,-1,3913
0,-1,3917
1,1,
2,1,
3,1,
4,-1,3922
0,-1,3926
1,-1,3931
2,1,
3,-1,3936
4,-1,3941
0,-1,3945
1,-1,3949
2,1,
3,1,
1,1,
2,1,3953
3,1,
4,1,3957
0,-1,3961
1,-1,3965
2,-1,3970
3,1,
4,-1,3975
0,-1,3980
1,1,
2,-1,3984
3,1,
4,-1,3989
0,-1,3994
1,1,
2,1,3998
3,-1,4003
4,-1,4007
0,-1,4012
1,1,
2,-1,4016
3,1,
4,1,
0,1,4021
1,-1,4025
2,1,
3,1,
4,-1,4030
0,1,
1,1,4035
2,1,
3,1,
4,1,4039
0,1,
1,-1,4044
2,1,
3,1,
4,-1,4049
0,1,
1,-1,4054
2,1,
3,-1,4059
4,-1,4063
0,1,
1,-1,4068
2,1,
3,1,
4,1,
0,1,4073
1,1,
2,1,
3,1,
4,1,
0,-1,4077
1,1,
2,1,
3,1,
4,1,
0,-1,4082
1,1,
2,-1,4087
3,1,
4,1,
0,1,4091
1,1,
2,1,
3,1,4096
4,1,
0,-1,4100
1,1,
2,1,
3,1,
4,1,
0,1,4105
1,-1,4109
2,1,
3,1,
4,1,
0,-1,4114
1,-1,4119
2,1,
3,1,
4,1,
0,-1,4124
1,-1,4129
2,-1,4134
3,1,
4,1,
0,-1,4139
1,-1,4144
2,1,
3,-1,4149
4,1,
0,1,4153
1,1,4158
2,1,
3,1,
4,1,4163
0,-1,4167
1,1,4171
2,-1,4176
3,1,
4,-1,4181
0,1,
1,-1,4186
2,-1,4191
3,1,
4,-1,4196
0,1,
1,-1,4201
2,-1,4206
3,-1,4211
4,-1,4215
0,1,
1,-1,4220
2,-1,4225
3,1,
4,1,
0,-1,4230
1,-1,4235
2,1,
3,1,
4,-1,4239
0,1,4244
2,1,
3,1,
4,1,4248
0,-1,4252
1,-1,4257
2,-1,4261
3,1,
4,-1,4266
0,-1,4271
1,-1,4276
2,1,
3,-1,4280
4,-1,4284
0,-1,4289
1,-1,4294
2,1,
3,1,
4,1,
0,-1,4298
1,1,
2,1,
3,1,
4,1,
0,-1,4303
1,1,
2,-1,4308
3,1,
4,1,
0,-1,4312
1,1,
2,1,
3,-1,4317
4,1,
0,-1,4321
1,1,
2,1,
3,1,
4,1,
0,-1,4326
1,-1,4331
2,1,
3,1,
4,1,
0,-1,4336
1,-1,4341
2,-1,4346
3,1,
4,1,
0,-1,4351
1,-1,4356
2,1,
3,-1,4361
4,1,
0,-1,4365
1,1,4370
2,1,
3,1,
4,-1,4375
0,-1,4379
1,-1,4383
2,-1,4388
3,1,
4,-1,4393
0,1,
1,-1,4398
2,-1,4403
3,1,
4,-1,4408
0,1,
1,-1,4413
2,-1,4418
3,1,
4,-1,4422
0,1,
1,-1,4427
2,-1,4432
3,1,
4,1,
0,1,
1,-1,4437
2,1,
3,1,
4,-1,4442
0,-1,4447
1,-1,4452
2,1,
3,1,
4,-1,4456
0,-1,4461
1,-1,4466
2,-1,4471
3,1,
4,-1,4475
0,-1,4480
1,-1,4485
2,1,
3,1,
4,1,
0,-1,4490
1,1,
2,-1,4495
3,1,
4,-1,4499
0,-1,4504
1,-1,4509
2,-1,4514
3,1,
4,-1,4518
0,-1,4523
1,1,
3,1,
4,-1,4527
0,-1,4531
1,1,
2,-1,4536
3,1,
4,1,
0,-1,4540
1,-1,4545
2,-1,4550
3,1,
4,1,
0,-1,4555
1,-1,4560
2,-1,4565
3,1,
4,1,
0,-1,4570
1,-1,4575
2,-1,4580
3,1,
4,1,
0,-1,4584
1,-1,4589
2,-1,4594
3,1,
4,-1,4599
0,-1,4603
1,-1,4607
2,1,4612
3,-1,4617
4,-1,4621
0,1,
1,-1,4626
2,-1,4631
3,-1,4636
4,-1,4640
0,1,
1,-1,4645
2,1,4649
4,-1,4653
0,1,
1,-1,4657
2,-1,4662
3,-1,4667
4,1,
0,1,
1,-1,4671
2,1,
3,-1,4676
4,-1,4680
0,-1,4685
1,-1,4690
2,1,
3,-1,4694
4,-1,4698
0,-1,4703
1,-1,4707
2,1,
4,-1,4711
0,-1,4715
1,-1,4720
2,1,
3,-1,4725
4,1,
0,1,4729
1,1,
2,1,
3,1,4734
4,1,
0,-1,4738
1,1,
2,1,
3,-1,4743
4,1,
0,-1,4747
1,1,
2,-1,4752
3,-1,4756
4,1,
0,1,4760
1,1,
2,1,
4,1,
0,-1,4764
1,1,
2,1,
3,-1,4769
4,1,
0,-1,4773
1,-1,4777
2,1,4781
4,-1,4785
0,-1,4789
1,-1,4793
2,-1,4797
4,-1,4801
0,-1,4805
1,-1,4809
2,-1,4813
4,1,
0,-1,4817
1,-1,4822
2,1,
3,-1,4827
4,1,
0,-1,4831
1,-1,4836
2,1,
3,-1,4841
4,1,
0,-1,4845
1,-1,4849
2,1,
4,1,
0,-1,4853
1,-1,4858
2,1,
3,-1,4863
4,-1,4867
0,-1,4871
1,-1,4875
2,-1,4880
3,1,
4,1,
0,1,
1,-1,4885
2,-1,4890
3,1,
4,1,
0,1,
1,-1,4895
2,-1,4900
3,1,
4,1,
0,1,
1,-1,4905
2,-1,4910
3,-1,4915
4,1,
0,1,
1,-1,4919
2,1,
3,1,
4,1,
0,-1,4924
1,-1,4929
2,1,
3,1,
4,1,
0,-1,4933
1,-1,4938
2,1,
3,1,
4,1,
0,-1,4943
1,-1,4948
2,1,
3,-1,4953
4,1,
0,-1,4957
1,1,
2,1,
3,1,
4,1,
0,-1,4962
1,1,
2,1,
3,1,
4,1,
0,-1,4967
1,1,
2,1,
3,-1,4972
4,1,
1,1,
2,1,4976
3,1,4980
4,1,4984
0,-1,4988
1,-1,4992
2,-1,4997
3,-1,5002
4,-1,5007
0,-1,5012
1,1,
2,-1,5016
3,-1,5021
4,-1,5026
0,-1,5031
1,1,
2,-1,5035
3,-1,5040
4,1,5045
0,-1,5050
1,1,
2,1,5054
3,1,5059
4,-1,5064
0,1,5068
1,-1,5072
2,-1,5077
3,-1,5082
4,-1,5087
0,1,
1,-1,5092
2,1,5096
3,1,5101
4,1,5106
0,1,
1,1,5111
2,1,
3,-1,5116
4,1,5121
0,1,
1,1,5126
2,-1,5131
3,-1,5136
4,1,5141
0,1,
1,1,5146
2,1,5151
3,1,5156
4,1,5161
0,1,5165
1,-1,5169
2,1,
3,1,
4,-1,5174
0,-1,5179
1,1,
2,1,
3,1,
4,-1,5184
0,-1,5189
1,-1,5194
2,-1,5199
3,1,
4,-1,5203
0,-1,5208
1,-1,5213
2,1,
3,-1,5218
4,-1,5223
0,1,5228
1,1,5233
2,1,
3,1,
4,1,5238
0,1,5242
1,-1,5246
2,1,
3,1,
4,1,
0,-1,5251
1,-1,5256
2,1,
3,1,
4,1,
0,-1,5261
1,-1,5266
2,-1,5271
3,1,
4,1,
0,-1,5276
1,-1,5281
2,1,
3,-1,5286
4,1,
0,1,5290
1,1,5295
2,1,
3,1,
4,1,5300
0,1,5304
1,-1,5308
2,-1,5313
3,1,
4,1,
0,-1,5318
1,-1,5323
2,-1,5328
3,1,
4,1,
0,-1,5333
1,1,5338
2,-1,5343
3,1,
4,1,
0,1,5348
1,1,5353
2,-1,5358
3,-1,5363
4,1,
0,1,5368
1,1,5372
2,1,5376
3,1,
0,-1,5380
1,-1,5384
2,-1,5389
3,-1,5394
4,-1,5399
0,1,
1,-1,5404
2,-1,5409
3,-1,5414
4,-1,5419
0,1,
1,-1,5424
2,-1,5429
3,-1,5434
4,-1,5439
0,1,
1,1,5444
2,-1,5449
3,-1,5454
4,-1,5459
0,-1,5463
1,-1,5468
2,1,
3,-1,5472
4,-1,5477
0,1,5482
2,1,
3,1,5486
4,1,5490
0,-1,5494
1,-1,5499
2,-1,5503
3,-1,5508
4,-1,5513
0,-1,5518
1,-1,5523
2,1,
3,-1,5527
4,-1,5532
0,1,5537
1,-1,5542
2,1,
3,1,5546
4,-1,5551
0,-1,5555
1,1,
2,1,
3,1,
4,-1,5560
0,-1,5565
1,1,
2,-1,5570
3,1,
4,-1,5574
0,-1,5579
1,1,
2,1,
3,-1,5584
4,-1,5589
0,-1,5594
1,1,
2,1,
3,1,
4,-1,5599
0,-1,5603
1,-1,5608
2,1,
3,1,
4,1,
0,-1,5613
1,-1,5618
2,-1,5623
3,1,
4,1,
0,-1,5628
1,-1,5633
2,1,
3,-1,5638
4,1,
0,-1,5642
1,1,5647
2,1,
3,1,
4,-1,5652
0,-1,5656
1,-1,5661
2,-1,5666
3,1,
4,1,
0,-1,5671
1,-1,5676
2,-1,5681
3,1,
4,1,
0,-1,5686
1,-1,5691
2,-1,5696
3,-1,5701
4,1,
0,-1,5706
1,1,5710
2,-1,5714
3,1,
0,-1,5718
1,-1,5722
2,-1,5727
3,-1,5732
4,1,5737
0,1,
1,-1,5742
2,-1,5747
3,-1,5752
4,-1,5757
0,1,
1,-1,5762
2,-1,5767
3,-1,5771
4,-1,5776
0,1,
1,-1,5781
2,-1,5786
3,-1,5791
4,-1,5796
0,1,
1,1,5801
2,1,5806
3,-1,5811
4,-1,5816
0,1,
1,1,5820
2,1,
3,-1,5825
4,1,5830
0,1,5835
1,-1,5840
2,1,
3,-1,5844
4,1,5849
0,-1,5854
1,-1,5859
2,-1,5864
3,-1,5868
4,-1,5873
0,-1,5878
1,-1,5883
2,1,
3,-1,5888
4,-1,5893
0,1,5898
1,1,5903
2,1,
3,-1,5908
4,-1,5913
0,-1,5917
1,1,
2,-1,5922
3,-1,5926
4,-1,5931
0,-1,5936
1,-1,5941
2,-1,5946
3,-1,5950
4,-1,5955
0,1,5960
1,1,
3,-1,5964
4,1,5968
0,-1,5972
1,1,
2,-1,5977
3,-1,5981
4,-1,5986
0,1,5991
1,1,
2,-1,5996
3,-1,6000
4,-1,6005
0,-1,6009
1,-1,6014
2,-1,6019
3,1,
4,1,
0,-1,6024
1,-1,6029
2,-1,6034
3,1,
4,1,
0,-1,6039
1,-1,6044
2,-1,6049
3,1,
4,1,
0,-1,6053
1,-1,6058
2,-1,6063
3,1,
4,-1,6068
0,-1,6072
1,1,6077
2,-1,6082
3,1,
4,1,
0,-1,6087
1,-1,6092
2,-1,6097
3,1,
4,1,
0,-1,6102
1,-1,6107
2,1,
3,1,
4,1,
0,-1,6112
1,-1,6117
2,-1,6122
3,-1,6127
4,1,
0,1,6132
1,1,6136
2,1,6140
3,1,
0,-1,6144
1,1,6148
2,-1,6153
3,-1,6158
4,1,6163
0,1,
1,-1,6168
2,-1,6173
3,-1,6178
4,-1,6183
0,1,
1,-1,6188
2,-1,6193
3,-1,6198
4,-1,6203
0,1,
1,-1,6208
2,-1,6213
3,-1,6218
4,-1,6222
0,1,
1,1,6227
2,-1,6232
3,1,6237
4,1,6242
0,1,
1,1,6246
2,-1,6251
3,-1,6256
4,1,6261
0,1,6266
1,-1,6271
2,-1,6275
3,1,6280
4,1,6285
0,-1,6290
1,-1,6295
2,1,
3,-1,6300
4,-1,6305
0,-1,6310
1,-1,6315
2,-1,6320
3,-1,6325
4,-1,6329
0,1,6334
1,1,6339
2,-1,6344
3,1,6349
4,-1,6354
0,-1,6358
1,-1,6363
2,1,
3,-1,6368
4,-1,6373
0,-1,6378
1,1,
2,1,
3,-1,6383
4,-1,6388
0,-1,6393
1,-1,6398
2,1,
3,-1,6403
4,-1,6407
0,-1,6412
1,-1,6417
2,1,
3,-1,6422
4,-1,6427
0,-1,6431
1,-1,6436
2,-1,6441
3,-1,6446
4,-1,6450
0,-1,6455
1,-1,6460
2,-1,6465
3,-1,6470
4,-1,6474
0,-1,6479
1,-1,6484
2,-1,6489
3,-1,6494
4,-1,6498
0,1,6503
1,1,6507
2,-1,6511
4,1,6515
0,1,6519
1,1,6524
2,-1,6529
3,-1,6534
4,-1,6538
0,1,6542
1,1,6547
2,-1,6552
3,-1,6557
4,1,
0,-1,6562
1,-1,6567
2,-1,6572
3,-1,6577
4,1,
0,-1,6582
1,-1,6587
2,-1,6592
3,-1,6597
4,1,
0,-1,6602
1,-1,6607
2,-1,6612
3,-1,6617
4,1,
0,1,6621
1,-1,6625
2,-1,6629
3,-1,6633
0,-1,6637
1,1,6641
2,1,6646
3,1,6651
4,-1,6656
0,1,
1,1,6660
2,-1,6665
3,-1,6670
4,-1,6675
0,1,
1,1,6679
2,1,6684
3,-1,6689
4,-1,6694
0,1,
1,1,6698
2,-1,6703
3,1,6708
4,1,6713
0,1,
1,1,6717
2,1,6721
3,1,6725
0,1,
1,1,6729
2,1,6734
3,1,6739
4,1,6744
0,1,6748
1,1,6753
2,1,6757
3,1,6762
4,1,6767
0,1,6771
1,1,6776
2,1,
3,-1,6781
4,-1,6786
0,1,6790
1,1,6795
2,-1,6800
3,1,6805
4,-1,6810
0,1,6814
1,1,6818
2,1,6822
3,1,6826
0,1,6830
1,1,6835
2,1,
3,1,
4,1,6840
0,-1,6844
1,1,
2,1,
3,1,
4,-1,6849
0,-1,6853
1,-1,6858
2,-1,6863
3,1,
4,-1,6867
0,-1,6871
1,-1,6876
2,1,
3,-1,6881
4,-1,6886
0,1,6890
1,1,6894
2,1,
3,1,
0,1,6898
1,1,6903
2,1,
3,1,
4,1,6908
0,-1,6912
1,1,6917
2,1,
3,1,
4,-1,6922
0,-1,6926
1,-1,6931
2,-1,6936
3,1,
4,-1,6941
0,-1,6945
1,-1,6950
2,1,
3,-1,6955
4,-1,6959
0,1,6963
1,1,6967
2,1,
3,1,
0,-1,6971
1,1,6975
2,1,6979
3,1,6983
0,-1,6987
1,-1,6991
2,-1,6995
3,-1,6999
0,-1,7003
1,-1,7007
2,-1,7011
3,-1,7015
0,1,7019
1,-1,7023
2,-1,7027
3,-1,7031
