1,1,1
2,-1,4
3,1,8
4,1,12
1,-1,
2,1,16
3,1,20
4,1,24
1,-1,
2,1,28
3,-1,32
4,1,36
1,-1,
2,-1,40
3,-1,44
4,-1,48
1,1,52
2,-1,56
3,1,60
4,1,64
1,-1,68
2,1,72
3,1,75
4,1,79
1,1,83
2,1,87
3,-1,
4,1,91
1,-1,95
2,-1,99
3,-1,103
4,-1,107
1,1,111
2,1,115
3,1,119
4,1,123
1,1,127
2,-1,
3,1,131
4,1,135
1,-1,139
2,-1,143
3,1,147
4,-1,150
1,-1,154
2,-1,158
3,-1,162
4,1,166
1,1,170
2,1,174
3,1,178
4,-1,
1,1,182
2,-1,
3,1,186
4,-1,
1,1,190
2,1,194
3,1,198
4,-1,
1,1,202
2,1,206
3,-1,210
4,1,214
1,1,217
2,1,220
3,1,224
4,1,228
1,1,232
2,1,236
3,1,240
4,1,244
1,1,248
2,1,252
3,1,256
4,1,260
1,1,264
2,1,267
3,1,271
4,1,275
0,1,279
2,1,282
3,1,286
4,1,290
0,1,294
1,1,298
2,1,302
3,1,307
4,1,312
0,1,317
1,1,321
2,1,325
3,1,330
4,1,335
1,1,340
2,-1,344
3,1,348
4,1,352
0,1,356
1,1,360
2,1,364
3,1,369
4,1,374
0,1,379
1,1,383
2,1,388
3,-1,
4,1,393
0,1,398
1,1,402
2,-1,407
3,1,412
4,1,417
1,1,422
2,1,426
3,1,430
4,1,434
0,1,438
1,1,442
2,1,446
3,1,451
4,1,456
0,1,461
1,1,465
2,1,470
3,1,475
4,1,479
0,1,484
1,1,488
2,1,493
3,1,498
4,1,503
1,1,508
2,1,512
3,1,516
4,-1,
0,1,520
1,1,524
2,1,528
3,1,533
4,-1,
0,1,538
1,1,542
2,1,547
3,1,552
4,-1,
0,1,557
1,1,561
2,1,566
3,1,571
4,1,576
1,1,580
2,1,584
3,1,588
4,1,592
1,1,596
2,1,600
3,1,604
4,1,608
1,-1,
2,1,612
3,1,616
4,1,620
0,1,624
1,-1,
2,1,628
3,1,633
4,1,638
0,1,643
1,-1,
2,1,647
3,1,652
4,1,657
1,1,662
2,1,666
3,-1,
4,-1,
0,1,669
1,1,672
3,-1,
4,-1,
0,1,676
1,1,680
2,1,685
3,1,689
4,-1,
0,1,694
1,1,698
2,1,703
3,-1,
4,1,707
1,1,712
2,-1,
3,1,716
4,1,720
0,1,724
1,1,728
2,-1,
3,1,733
4,1,737
0,1,742
1,1,746
2,-1,
3,1,751
4,1,756
1,1,761
2,-1,
3,1,765
4,-1,
0,1,769
1,1,773
2,-1,
3,1,778
4,-1,
0,1,783
1,1,787
2,-1,
3,1,792
4,1,797
1,1,801
2,1,805
3,1,809
4,1,813
1,1,817
2,1,821
3,1,825
4,1,829
1,1,833
2,1,837
3,1,841
4,1,845
1,-1,
2,1,849
3,-1,853
4,1,857
0,1,861
1,1,865
2,1,869
3,1,874
4,1,879
0,1,884
1,-1,
2,1,888
3,1,893
4,1,898
0,1,903
1,-1,
2,1,907
3,1,912
4,1,917
1,1,922
2,1,926
3,-1,
4,1,930
0,1,934
1,1,938
2,1,943
3,-1,
4,1,948
0,1,953
1,1,957
2,1,962
3,-1,
4,1,966
0,1,971
1,1,975
2,1,980
3,-1,
4,1,985
1,-1,990
2,-1,
3,1,994
4,1,997
0,1,1001
1,1,1005
2,-1,
3,1,1010
4,1,1014
0,1,1019
1,1,1023
2,1,1028
3,1,1033
4,1,1037
0,1,1042
1,-1,1045
2,-1,
4,1,1049
0,1,1053
1,1,1057
2,-1,
3,1,1062
4,1,1066
1,1,1071
2,1,1075
3,1,1079
4,-1,
0,1,1083
1,1,1087
2,1,1092
3,1,1097
4,-1,
0,1,1102
1,1,1106
2,-1,
3,1,1111
4,-1,
1,1,1116
2,1,1120
3,1,1124
4,1,1128
1,1,1132
2,1,1136
3,1,1140
4,1,1144
1,1,1148
2,1,1152
3,1,1156
4,1,1160
1,1,1164
2,1,1168
3,1,1172
4,1,1176
1,-1,
2,-1,1179
3,-1,1183
4,-1,1187
0,1,1191
1,1,1195
2,-1,1199
3,1,1204
4,1,1209
0,1,1214
1,-1,
2,1,1218
3,1,1223
4,1,1228
0,1,1233
1,-1,
2,1,1237
3,1,1242
4,1,1247
0,1,1252
1,-1,
2,1,1256
3,1,1261
4,1,1266
1,-1,1270
2,-1,1274
3,-1,1278
4,-1,1282
0,1,1286
1,1,1290
2,-1,1295
3,1,1300
4,1,1305
0,1,1310
1,-1,1314
2,1,1319
3,1,1323
4,1,1328
0,1,1333
1,1,1337
2,1,1342
3,-1,
4,1,1347
0,1,1352
1,1,1356
2,1,1361
3,1,1366
4,1,1371
1,-1,1375
2,-1,1379
3,-1,1383
4,1,1387
0,1,1391
1,1,1395
2,1,1400
3,1,1405
4,1,1410
0,1,1415
1,1,1419
2,-1,
3,1,1424
4,1,1429
0,1,1434
1,-1,1438
2,-1,1443
3,1,1448
4,1,1452
0,1,1457
1,1,1461
2,1,1466
3,1,1471
4,1,1476
1,-1,1480
2,-1,1484
3,1,1488
4,1,1492
0,1,1495
1,1,1499
2,1,1504
3,1,1509
4,1,1514
0,1,1518
1,1,1522
2,1,1527
3,1,1532
4,1,1537
0,1,1541
1,1,1545
2,1,1550
3,1,1555
4,1,1560
0,1,1564
1,-1,1567
2,-1,1571
3,1,1575
1,1,1579
2,-1,1582
3,1,1586
4,1,1590
0,1,1594
2,-1,1597
3,1,1601
4,1,1605
0,1,1609
1,1,1613
2,1,1617
3,1,1622
4,1,1627
0,1,1632
1,1,1636
2,-1,1640
3,1,1645
4,1,1650
0,1,1655
2,1,1659
3,1,1663
4,1,1667
0,1,1671
2,1,1675
3,1,1679
4,1,1683
0,-1,1687
2,1,1691
3,-1,
4,1,1695
0,1,1699
1,1,1704
2,1,1708
3,-1,
4,1,1712
0,1,1717
1,1,1722
2,1,1726
3,-1,
4,1,1731
0,-1,1736
1,1,1741
2,1,1745
3,-1,
4,1,1750
0,1,1755
2,-1,
3,1,1759
4,1,1763
0,1,1767
1,1,1772
2,-1,
3,1,1776
4,1,1780
0,1,1785
1,1,1790
2,-1,
3,1,1794
4,1,1799
0,1,1804
2,1,1808
3,1,1812
4,-1,
0,1,1816
1,1,1821
2,1,1825
3,1,1830
4,-1,
0,1,1835
1,1,1840
2,1,1844
3,1,1849
4,1,1854
1,-1,
2,1,1858
3,1,1862
4,1,1866
0,1,1870
1,-1,
2,1,1874
3,1,1879
4,1,1884
0,1,1889
1,-1,
2,1,1893
3,1,1898
4,1,1903
0,1,1908
1,-1,
3,-1,
4,-1,
0,1,1912
1,-1,
2,1,1917
3,1,1921
4,-1,
0,1,1926
1,-1,
2,1,1931
3,-1,
4,1,1935
0,1,1940
1,-1,
2,-1,
3,1,1945
4,1,1949
0,1,1954
1,-1,
2,-1,
3,1,1959
4,1,1964
0,1,1969
1,-1,
2,-1,
3,1,1974
4,-1,
0,1,1979
1,-1,
2,-1,
3,1,1984
4,1,1989
1,-1,
2,1,1993
3,-1,1997
4,1,2001
0,1,2005
1,1,2009
2,1,2013
3,1,2018
4,1,2023
0,1,2028
1,-1,
2,1,2032
3,1,2037
4,1,2042
0,1,2047
1,-1,
2,1,2051
3,1,2056
4,1,2061
0,1,2066
1,1,2071
2,1,2075
3,-1,
4,1,2080
0,1,2085
1,-1,
2,1,2090
3,-1,
4,1,2094
0,1,2099
1,-1,
2,1,2104
3,-1,
4,1,2109
0,1,2114
1,1,2119
2,-1,
3,1,2123
4,1,2127
0,1,2132
1,-1,
2,1,2137
3,1,2142
4,1,2146
0,-1,2151
1,-1,
2,-1,
4,1,2155
0,1,2159
1,-1,
2,-1,
3,1,2164
4,1,2168
0,1,2173
1,1,2178
2,1,2182
3,1,2187
4,-1,
0,1,2192
1,-1,
2,-1,
3,1,2197
4,-1,
1,-1,
2,-1,2202
3,-1,2206
4,-1,2210
0,1,2214
1,1,2218
2,-1,2222
3,1,2227
4,1,2232
0,1,2237
1,-1,
2,1,2241
3,1,2246
4,1,2251
0,1,2256
1,-1,
2,1,2260
3,1,2265
4,1,2270
0,1,2275
1,-1,
2,1,2279
3,1,2284
4,1,2289
0,-1,2293
1,1,2298
2,1,2302
3,-1,
4,1,2307
0,-1,2312
1,-1,
2,1,2317
3,-1,
4,1,2321
0,1,2326
1,-1,
2,1,2331
3,-1,
4,1,2336
0,1,2341
1,-1,
2,1,2346
3,-1,
4,1,2351
0,1,2355
1,1,2360
2,-1,
3,1,2364
4,1,2369
0,1,2374
1,-1,
2,-1,
3,1,2379
4,1,2384
0,-1,2389
1,-1,
2,-1,
3,1,2394
4,1,2398
0,1,2403
1,-1,
2,-1,
3,1,2408
4,1,2413
0,1,2417
1,1,2422
2,1,2426
3,1,2431
4,1,2436
0,1,2440
1,-1,
2,1,2445
3,1,2450
4,1,2455
0,1,2459
1,-1,
2,1,2464
3,1,2469
4,1,2474
0,-1,2478
1,-1,
2,1,2482
3,1,2486
1,1,2490
2,-1,2494
3,1,2498
4,1,2502
0,1,2506
1,1,2510
2,1,2514
3,1,2519
4,1,2524
0,1,2529
1,1,2533
2,1,2538
3,-1,
4,1,2543
0,1,2548
1,1,2552
2,-1,2557
3,1,2562
4,1,2567
0,1,2572
2,1,2576
3,1,2580
4,1,2584
0,1,2588
1,1,2593
2,1,2597
3,-1,
4,1,2602
0,1,2607
1,1,2612
2,1,2616
3,1,2621
4,1,2626
0,1,2631
1,1,2636
2,-1,
3,-1,
4,-1,
0,1,2640
1,1,2644
3,-1,
4,-1,
0,1,2648
1,1,2653
2,-1,
3,-1,
4,-1,
0,-1,2658
1,1,2663
2,-1,
3,-1,
4,1,2668
0,1,2673
1,1,2678
2,-1,
3,-1,
4,-1,
0,1,2682
1,1,2687
2,-1,
3,1,2692
4,-1,
0,1,2696
1,1,2701
2,-1,
3,-1,
4,1,2706
0,1,2711
1,1,2716
2,-1,
3,-1,
4,-1,
0,1,2720
1,1,2725
2,-1,
3,-1,
4,-1,
0,1,2730
1,1,2735
2,-1,
3,-1,
4,1,2740
1,-1,2744
2,1,2748
3,1,2751
4,1,2755
0,1,2759
1,1,2762
3,1,2766
4,1,2770
0,1,2774
1,1,2778
2,1,2783
3,-1,
4,1,2787
0,1,2792
1,-1,2796
2,1,2801
3,1,2805
4,1,2810
0,1,2815
1,1,2820
2,1,2824
3,-1,
4,1,2828
0,1,2833
1,-1,
3,-1,
4,1,2837
0,1,2841
1,-1,
2,1,2846
3,-1,
4,1,2850
0,-1,2855
1,-1,
2,1,2860
3,-1,
4,1,2864
0,1,2869
1,1,2873
3,-1,
4,1,2877
0,1,2881
1,1,2885
3,1,2889
4,1,2893
0,1,2897
1,-1,
3,-1,
4,-1,
0,1,2901
1,-1,
2,1,2906
3,1,2910
4,-1,
0,1,2914
1,-1,
2,1,2919
3,-1,
4,1,2923
0,1,2928
1,1,2932
3,-1,
4,-1,
0,1,2936
1,1,2941
2,1,2946
3,-1,
4,-1,
0,1,2950
1,1,2955
2,1,2960
3,-1,
4,1,2964
1,1,2968
2,1,2972
3,-1,
4,1,2976
0,1,2980
1,1,2984
2,1,2989
3,-1,
4,1,2994
0,1,2999
1,1,3003
2,1,3008
3,-1,
4,1,3012
0,1,3017
1,1,3021
2,1,3026
3,-1,
4,1,3031
0,1,3036
1,1,3041
2,1,3045
3,-1,
4,1,3050
0,1,3055
1,-1,
2,1,3060
3,-1,
4,1,3064
0,1,3069
1,-1,
2,1,3074
3,-1,
4,1,3079
0,1,3084
1,1,3089
2,-1,
3,-1,
4,-1,
0,1,3094
1,1,3098
3,-1,
4,-1,
0,1,3102
1,1,3107
2,-1,
3,-1,
4,1,3112
0,1,3117
1,1,3122
2,-1,
3,-1,
4,-1,
0,1,3127
1,1,3132
2,1,3137
3,-1,
4,-1,
1,-1,3141
2,-1,3145
3,-1,3149
4,-1,3153
0,1,3157
1,1,3161
2,-1,3166
3,1,3171
4,1,3176
0,1,3181
1,-1,3185
2,1,3190
3,1,3194
4,1,3199
0,1,3204
1,1,3208
2,1,3213
3,-1,
4,1,3218
0,1,3223
1,1,3227
2,1,3232
3,1,3237
4,1,3242
0,-1,3246
1,1,3251
2,1,3255
3,-1,
4,1,3260
0,-1,3265
1,-1,
2,1,3270
3,-1,
4,1,3274
0,1,3279
1,-1,
2,1,3284
3,-1,
4,1,3289
0,1,3294
1,-1,
2,1,3299
3,-1,
4,1,3304
0,-1,3308
1,1,3313
2,-1,
3,-1,
4,1,3318
0,1,3323
1,1,3327
3,-1,
4,1,3331
0,1,3335
1,1,3340
2,-1,
3,-1,
4,1,3345
0,1,3350
1,1,3355
2,-1,
3,-1,
4,1,3360
0,1,3364
1,1,3369
2,-1,
3,-1,
4,1,3374
0,1,3379
1,-1,
2,1,3384
3,-1,
4,1,3388
0,-1,3393
1,-1,
2,-1,
3,1,3398
4,1,3402
0,1,3407
1,-1,
2,-1,
3,-1,
4,1,3412
0,1,3416
1,1,3421
2,1,3426
3,1,3431
4,1,3436
0,1,3440
1,1,3445
2,1,3450
3,1,3454
4,1,3459
0,1,3463
1,1,3468
2,1,3473
3,-1,
4,1,3478
0,-1,3482
1,1,3486
2,1,3490
3,1,3494
1,1,3498
2,1,3502
3,1,3506
4,1,3510
0,1,3514
1,1,3518
2,1,3522
3,1,3527
4,1,3532
0,1,3537
1,1,3541
2,1,3546
3,1,3551
4,1,3555
0,1,3560
1,1,3564
2,1,3569
3,1,3574
4,1,3579
0,1,3584
2,1,3588
3,1,3592
4,1,3596
0,1,3600
1,1,3605
2,1,3609
3,1,3614
4,1,3618
0,1,3623
1,1,3628
2,1,3632
3,1,3637
4,1,3642
0,1,3647
1,1,3652
2,-1,
3,-1,
4,-1,
0,1,3656
1,1,3661
2,-1,
3,1,3666
4,-1,
0,1,3670
1,1,3675
2,-1,
3,-1,
4,1,3680
0,1,3685
1,1,3690
2,-1,
3,-1,
4,1,3694
0,1,3699
1,1,3703
2,-1,
4,1,3707
0,1,3711
1,1,3716
2,-1,
3,-1,
4,1,3721
0,1,3726
1,1,3731
2,-1,
3,1,3735
4,-1,
0,1,3740
1,1,3745
2,-1,
3,1,3750
4,-1,
0,1,3754
1,1,3759
2,-1,
3,1,3764
4,1,3769
1,1,3773
2,-1,
3,1,3777
4,1,3781
0,1,3785
1,1,3789
2,-1,
3,1,3794
4,1,3798
0,1,3803
1,1,3807
2,-1,
3,1,3812
4,1,3817
0,1,3822
1,-1,
2,-1,
3,1,3827
4,1,3831
0,1,3836
1,-1,
2,-1,
3,1,3841
4,1,3846
0,1,3851
1,1,3855
2,-1,
4,1,3859
0,1,3863
1,1,3868
2,-1,
3,-1,
4,1,3873
0,1,3878
1,1,3883
2,-1,
3,1,3888
4,-1,
0,1,3892
1,1,3897
2,-1,
3,1,3902
4,1,3907
1,-1,3911
2,-1,3915
3,1,3919
4,-1,3922
0,1,3926
1,1,3930
2,1,3935
3,1,3940
4,1,3944
0,1,3949
1,1,3953
2,-1,
3,1,3958
4,1,3962
0,1,3967
1,-1,3970
2,-1,3974
4,-1,3978
0,1,3982
1,-1,3986
2,-1,3991
3,1,3996
4,1,4000
0,1,4005
1,1,4010
2,-1,
3,1,4014
4,1,4018
0,1,4023
1,-1,
2,-1,
3,1,4028
4,1,4032
0,-1,4037
1,-1,
2,-1,
4,1,4041
0,-1,4045
1,-1,
2,-1,
3,1,4050
4,1,4054
0,1,4059
1,1,4064
2,-1,
3,1,4069
4,-1,
0,1,4073
1,-1,
2,1,4078
3,1,4082
4,-1,
0,-1,4086
1,-1,
2,-1,
4,-1,
0,-1,4090
1,-1,
2,-1,
3,1,4095
4,1,4099
0,1,4104
1,1,4108
2,1,4112
4,1,4116
0,1,4120
1,1,4124
2,-1,
4,1,4128
0,1,4132
1,1,4136
2,1,4140
4,1,4144
0,1,4148
1,1,4153
2,-1,
3,1,4158
4,-1,
0,1,4162
1,1,4167
2,-1,
3,1,4172
4,-1,
0,-1,4176
1,1,4180
2,-1,
4,-1,
0,-1,4184
1,1,4189
2,-1,
3,1,4194
4,1,4198
1,-1,4202
2,-1,4206
3,-1,4210
4,1,4214
0,1,4218
1,1,4222
2,1,4227
3,1,4232
4,1,4237
0,1,4242
1,1,4246
2,-1,
3,1,4251
4,1,4256
0,1,4261
1,-1,4265
2,-1,4270
3,1,4275
4,1,4279
0,1,4284
1,1,4288
2,1,4293
3,1,4298
4,1,4303
0,1,4307
1,1,4312
2,-1,
3,1,4316
4,1,4321
0,1,4326
1,-1,
2,-1,
3,1,4331
4,1,4336
0,-1,4341
1,-1,
2,-1,
3,1,4346
4,1,4350
0,1,4355
1,-1,
2,-1,
3,1,4360
4,1,4365
0,1,4369
1,1,4374
2,-1,
3,-1,
4,1,4379
0,1,4384
1,-1,
2,1,4389
3,-1,
4,1,4393
0,-1,4398
1,-1,
2,-1,
3,1,4403
4,1,4407
0,1,4412
1,-1,
2,-1,
3,-1,
4,1,4417
0,1,4421
1,1,4426
2,-1,
3,-1,
4,1,4431
0,1,4436
1,1,4441
2,-1,
3,-1,
4,1,4446
0,-1,4451
1,1,4455
2,-1,
4,1,4459
0,1,4463
1,1,4468
2,-1,
3,-1,
4,1,4473
0,1,4477
1,1,4482
2,1,4487
3,1,4492
4,1,4497
0,1,4501
1,1,4506
2,-1,
3,1,4511
4,1,4516
0,1,4520
1,1,4525
2,1,4530
3,1,4535
4,1,4539
0,1,4543
1,1,4547
2,1,4551
3,1,4555
1,1,4559
2,1,4563
3,1,4567
4,-1,
0,1,4571
1,1,4575
2,1,4579
3,1,4584
4,-1,
0,1,4589
1,1,4593
2,1,4598
3,1,4603
4,-1,
0,1,4608
1,1,4612
2,1,4617
3,1,4622
4,1,4627
0,1,4631
2,1,4635
3,1,4639
4,-1,
0,1,4643
1,1,4648
2,1,4652
3,1,4657
4,-1,
0,1,4662
1,1,4667
2,1,4671
3,1,4676
4,1,4681
0,1,4685
1,1,4690
2,-1,
3,-1,
4,-1,
0,1,4694
1,1,4699
2,-1,
3,-1,
4,-1,
0,1,4704
1,1,4709
2,-1,
3,-1,
4,1,4714
0,1,4718
1,1,4723
2,-1,
3,1,4727
4,-1,
0,1,4732
1,1,4737
2,-1,
3,1,4742
4,-1,
0,1,4746
1,1,4751
2,-1,
3,1,4756
4,1,4761
1,1,4765
2,-1,
3,1,4769
4,-1,
0,1,4773
1,1,4777
2,-1,
3,1,4782
4,-1,
0,1,4787
1,1,4791
2,-1,
3,1,4796
4,1,4801
0,1,4805
1,-1,
2,-1,
3,1,4810
4,-1,
0,1,4815
1,-1,
2,-1,
3,1,4820
4,1,4825
0,1,4829
1,1,4834
2,-1,
3,1,4839
4,-1,
0,1,4843
1,1,4848
2,-1,
3,1,4853
4,1,4858
1,1,4862
2,1,4866
3,1,4870
4,-1,
0,1,4874
1,1,4878
2,1,4883
3,1,4888
4,-1,
0,1,4893
1,1,4897
2,-1,
3,1,4902
4,-1,
0,1,4907
1,1,4912
2,1,4916
3,1,4921
4,-1,
0,1,4926
1,-1,
2,-1,
3,1,4931
4,-1,
0,1,4936
1,1,4941
2,-1,
3,-1,
4,-1,
0,1,4946
1,1,4951
2,1,4956
3,-1,
4,-1,
0,1,4960
1,1,4965
2,-1,
3,1,4970
4,-1,
0,1,4974
1,1,4979
2,-1,
3,1,4984
4,-1,
0,1,4988
1,1,4992
2,-1,
4,-1,
1,1,4996
2,1,5000
3,-1,5004
4,1,5008
0,1,5011
1,1,5015
2,1,5020
3,1,5025
4,1,5030
0,1,5034
1,1,5038
2,-1,
3,1,5043
4,1,5048
0,1,5052
1,1,5055
2,1,5059
3,-1,5063
0,1,5067
1,1,5072
2,1,5076
3,1,5081
4,1,5086
0,1,5090
1,-1,
2,-1,
3,1,5095
4,1,5100
0,1,5104
1,-1,
2,1,5108
3,1,5112
0,1,5116
1,1,5121
2,-1,
3,-1,
4,1,5126
0,1,5130
1,1,5135
2,1,5140
3,-1,
4,1,5144
0,1,5148
1,1,5152
2,-1,
3,-1,
0,1,5156
1,1,5161
2,-1,
3,1,5166
4,1,5171
0,1,5175
1,1,5180
2,-1,
3,1,5185
4,1,5190
0,-1,5194
1,1,5199
2,-1,
3,1,5204
4,1,5208
0,-1,5212
1,1,5216
2,-1,
3,1,5220
0,1,5224
1,1,5228
2,1,5232
3,1,5236
0,1,5240
1,1,5244
2,-1,
3,1,5248
1,1,5252
2,1,5255
3,1,5259
4,1,5263
0,-1,
1,1,5267
2,1,5271
3,1,5276
4,1,5281
0,-1,
1,1,5286
2,1,5290
3,1,5295
4,1,5300
0,1,5305
2,1,5309
3,1,5313
4,1,5317
0,1,5321
2,1,5325
3,1,5329
4,1,5333
0,1,5337
1,1,5342
2,1,5346
3,-1,
4,1,5351
0,1,5356
1,1,5361
2,1,5365
3,1,5370
4,1,5375
0,1,5380
1,1,5385
2,1,5389
3,1,5394
4,1,5398
0,1,5403
1,1,5408
2,1,5412
3,1,5417
4,1,5422
0,1,5427
1,1,5432
2,1,5436
3,1,5441
4,-1,
0,1,5446
1,1,5451
2,1,5455
3,1,5460
4,1,5465
1,1,5469
2,1,5473
3,1,5477
4,1,5481
0,-1,
1,1,5485
2,1,5490
3,1,5495
4,1,5500
0,1,5505
2,1,5509
3,1,5513
4,1,5517
0,1,5521
1,1,5526
2,1,5530
3,1,5535
4,1,5540
0,1,5545
1,1,5549
3,-1,
4,-1,
0,1,5553
1,1,5558
2,1,5563
3,-1,
4,1,5567
0,1,5572
1,1,5577
2,-1,
3,1,5582
4,1,5586
0,1,5591
1,1,5596
2,-1,
3,1,5601
4,1,5606
0,1,5611
1,1,5616
2,-1,
3,1,5621
4,1,5626
1,1,5630
2,1,5634
3,1,5638
4,1,5642
0,-1,
1,1,5646
2,1,5650
3,1,5655
4,1,5660
0,-1,
1,1,5665
2,1,5670
3,1,5675
4,1,5680
0,1,5685
2,1,5689
3,1,5693
4,1,5697
0,1,5701
1,1,5706
2,1,5710
3,1,5715
4,1,5720
0,1,5725
1,1,5730
2,1,5734
3,-1,
4,1,5739
0,1,5744
1,1,5749
2,1,5754
3,-1,
4,1,5759
0,1,5764
1,1,5769
2,-1,
3,1,5773
4,1,5777
0,1,5782
1,1,5786
2,-1,
4,1,5790
0,1,5794
1,1,5799
2,-1,
3,1,5804
4,1,5808
0,1,5813
1,1,5818
2,1,5822
3,1,5827
4,-1,
1,1,5832
2,1,5836
3,1,5840
4,1,5844
0,-1,
1,1,5848
2,1,5852
3,1,5857
4,1,5862
0,-1,
1,1,5867
2,1,5872
3,1,5877
4,1,5882
0,-1,
1,1,5887
2,1,5892
3,1,5897
4,1,5902
0,-1,
1,1,5907
2,1,5912
3,1,5917
4,1,5922
0,-1,5926
2,1,5930
3,1,5934
4,1,5938
0,1,5942
1,1,5947
2,1,5951
3,1,5956
4,1,5961
0,1,5966
1,1,5971
2,1,5975
3,1,5980
4,1,5985
0,1,5990
1,1,5995
2,1,5999
3,1,6004
4,1,6009
0,1,6013
1,1,6018
2,1,6022
3,1,6027
4,1,6032
0,1,6037
1,1,6042
2,1,6047
3,-1,
4,1,6052
0,1,6057
1,1,6062
2,1,6067
3,1,6072
4,1,6077
0,1,6081
1,1,6086
2,1,6090
3,1,6095
4,1,6100
0,1,6105
1,1,6110
2,-1,
3,1,6115
4,1,6120
0,-1,6125
1,1,6130
2,1,6135
3,1,6140
4,1,6144
0,1,6149
1,1,6154
2,1,6159
3,1,6164
4,1,6169
0,1,6173
1,1,6178
2,1,6182
3,1,6187
4,1,6192
0,1,6196
1,1,6201
2,1,6206
3,1,6211
4,1,6216
0,1,6220
1,1,6225
2,1,6230
3,1,6235
4,1,6240
0,1,6244
1,1,6248
2,1,6252
3,1,6256
1,1,6260
2,1,6263
3,1,6267
4,1,6271
0,1,6275
2,1,6278
3,1,6282
4,1,6286
0,1,6290
1,1,6294
2,1,6298
3,1,6303
4,1,6308
0,1,6313
1,1,6317
2,1,6321
3,1,6326
4,1,6331
0,1,6336
2,1,6340
3,1,6344
4,1,6348
0,1,6352
2,1,6356
3,1,6360
4,1,6364
0,1,6368
2,1,6372
3,1,6376
4,1,6380
0,1,6384
1,1,6389
2,1,6393
3,-1,
4,1,6398
0,1,6403
1,1,6408
2,1,6412
3,1,6417
4,1,6422
0,1,6427
2,1,6431
3,1,6435
4,1,6439
0,1,6443
1,1,6448
2,1,6452
3,1,6457
4,1,6461
0,1,6466
1,1,6471
2,1,6475
3,1,6480
4,1,6485
0,1,6490
2,1,6494
3,1,6498
4,-1,
0,1,6502
1,1,6507
2,1,6511
3,1,6516
4,-1,
0,1,6521
1,1,6526
2,1,6530
3,1,6535
4,1,6540
0,1,6544
2,1,6548
3,1,6552
4,1,6556
0,1,6560
2,1,6564
3,1,6568
4,1,6572
0,-1,6576
2,1,6580
3,1,6584
4,1,6588
0,1,6592
2,1,6596
3,1,6600
4,1,6604
0,1,6608
2,1,6612
3,-1,
4,1,6616
0,1,6620
2,-1,6624
3,1,6628
4,1,6632
0,1,6636
2,1,6640
3,1,6644
4,1,6648
0,1,6652
2,-1,
3,1,6656
4,1,6660
0,1,6664
2,1,6668
3,1,6672
4,-1,6675
0,1,6679
2,1,6683
3,-1,6687
4,1,6691
0,1,6695
2,1,6699
3,1,6703
4,-1,
0,1,6707
2,-1,
3,1,6711
4,-1,
0,1,6715
2,1,6719
3,1,6723
4,-1,
0,1,6727
2,1,6731
3,-1,6735
4,1,6739
0,1,6742
2,1,6746
3,1,6750
4,1,6754
0,1,6758
1,1,6763
2,1,6767
3,1,6772
4,1,6777
0,1,6782
2,1,6786
3,1,6790
4,1,6794
0,1,6798
2,1,6802
3,-1,
4,-1,
0,1,6805
1,1,6809
3,-1,
4,-1,
0,1,6812
1,1,6817
2,1,6821
3,-1,
4,1,6825
0,1,6830
2,-1,
3,1,6834
4,1,6838
0,1,6842
1,1,6847
2,-1,
3,1,6851
4,1,6855
0,1,6860
1,1,6865
2,-1,
3,1,6869
4,1,6874
0,1,6879
2,-1,
3,1,6883
4,-1,
0,1,6887
1,1,6892
2,-1,
3,1,6896
4,1,6901
0,1,6905
2,1,6909
3,1,6913
4,1,6917
0,1,6921
1,1,6926
2,1,6930
3,1,6935
4,1,6940
0,1,6945
2,1,6949
3,1,6953
4,1,6957
0,1,6961
2,1,6965
3,1,6969
4,1,6973
0,1,6977
1,1,6982
2,1,6986
3,-1,
4,1,6991
0,1,6996
2,1,7000
3,-1,
4,1,7004
0,1,7008
1,1,7013
2,1,7017
3,-1,
4,1,7022
0,1,7027
1,1,7032
2,-1,
3,1,7036
4,1,7040
0,1,7045
2,-1,
3,1,7049
4,1,7052
0,1,7056
1,1,7060
2,-1,
4,1,7063
0,1,7067
1,1,7072
2,-1,
3,1,7076
4,1,7080
0,1,7085
1,1,7090
2,1,7094
3,1,7099
4,-1,
0,1,7104
2,1,7108
3,1,7112
4,-1,
0,-1,7116
2,1,7120
3,1,7124
4,1,7128
0,1,7132
1,1,7137
2,1,7141
3,1,7146
4,1,7151
0,1,7156
1,1,7161
2,1,7165
3,1,7170
4,1,7175
0,1,7180
1,1,7185
2,1,7189
3,1,7194
4,1,7199
0,1,7203
2,1,7207
3,1,7211
4,1,7215
0,1,7219
2,1,7223
3,1,7227
4,1,7231
0,1,7235
2,1,7239
3,1,7243
4,1,7247
0,1,7251
2,1,7255
3,1,7259
4,1,7263
0,1,7266
1,1,7271
2,1,7275
3,1,7280
4,1,7285
0,1,7290
2,-1,7294
3,1,7298
4,1,7302
0,1,7306
1,1,7311
2,1,7315
3,-1,
4,1,7320
0,1,7325
1,1,7330
2,1,7334
3,1,7339
4,1,7344
0,1,7348
1,1,7353
2,1,7357
3,1,7362
4,1,7367
0,1,7372
2,1,7376
3,-1,7380
4,1,7384
0,1,7388
1,1,7393
2,-1,
3,1,7397
4,1,7402
0,1,7407
1,1,7412
2,1,7416
3,1,7421
4,1,7425
0,1,7430
1,1,7435
2,1,7439
3,1,7444
4,1,7449
0,1,7453
1,1,7458
2,1,7462
3,1,7467
4,1,7472
0,1,7476
2,1,7480
3,1,7484
4,1,7488
0,1,7491
1,1,7496
2,1,7500
3,1,7505
4,1,7510
0,1,7514
1,1,7519
2,1,7523
3,1,7528
4,1,7533
0,1,7537
1,1,7541
2,1,7544
3,1,7548
1,1,7552
2,-1,7556
3,1,7560
4,1,7564
0,1,7568
1,1,7572
2,1,7576
3,1,7581
4,1,7586
0,1,7591
1,1,7595
2,1,7600
3,-1,
4,1,7605
0,1,7610
1,1,7614
2,-1,7619
3,1,7624
4,1,7629
0,1,7634
2,1,7638
3,1,7642
4,1,7646
0,1,7650
1,1,7655
2,1,7659
3,-1,
4,1,7664
0,1,7669
1,1,7674
2,1,7678
3,1,7683
4,1,7688
0,1,7693
1,1,7698
2,-1,
3,-1,
4,-1,
0,1,7702
1,1,7706
3,-1,
4,-1,
0,1,7710
1,1,7715
2,-1,
3,-1,
4,-1,
0,-1,7720
1,1,7725
2,-1,
3,-1,
4,1,7730
0,1,7735
1,1,7740
2,-1,
3,-1,
4,-1,
0,1,7744
1,1,7749
2,-1,
3,1,7754
4,-1,
0,1,7758
1,1,7763
2,-1,
3,-1,
4,1,7768
0,1,7773
1,1,7778
2,-1,
3,-1,
4,-1,
0,1,7782
1,1,7787
2,-1,
3,-1,
4,-1,
0,1,7792
1,1,7797
2,-1,
3,-1,
4,1,7802
0,1,7806
1,1,7811
2,1,7815
3,-1,
4,1,7820
0,1,7825
1,1,7830
2,1,7834
3,1,7839
4,1,7844
0,1,7849
2,1,7853
3,1,7857
4,1,7861
0,1,7865
2,1,7869
3,-1,
4,1,7873
0,1,7877
2,-1,7881
3,1,7885
4,1,7889
0,1,7893
1,1,7898
2,-1,
3,-1,
4,-1,
0,1,7902
1,1,7906
3,-1,
4,-1,
0,1,7909
1,1,7914
2,-1,
3,-1,
4,-1,
0,1,7918
1,-1,7923
2,-1,
3,-1,
4,1,7927
0,1,7932
1,1,7937
2,-1,
3,-1,
4,-1,
0,1,7941
1,1,7946
2,-1,
3,1,7950
4,-1,
0,1,7954
1,1,7959
2,-1,
3,-1,
4,1,7963
0,1,7968
1,1,7973
2,-1,
3,-1,
4,-1,
0,1,7977
1,1,7982
2,-1,
3,-1,
4,-1,
0,1,7986
1,1,7991
2,-1,
3,-1,
4,1,7995
0,1,7999
1,1,8004
2,1,8008
3,-1,
4,1,8013
0,1,8018
1,1,8023
2,1,8028
3,-1,
4,1,8033
0,1,8038
1,1,8043
2,1,8047
3,-1,
4,1,8052
0,1,8057
2,1,8061
3,-1,
4,1,8065
0,1,8069
1,1,8074
2,1,8078
3,-1,
4,1,8083
0,1,8088
1,1,8093
2,-1,
3,-1,
4,-1,
0,1,8098
1,1,8103
2,-1,
3,-1,
4,-1,
0,1,8107
1,1,8111
3,-1,
4,-1,
0,1,8115
1,1,8120
2,-1,
3,-1,
4,1,8125
0,1,8130
1,1,8135
2,-1,
3,-1,
4,-1,
0,1,8140
1,1,8145
2,-1,
3,-1,
4,-1,
0,1,8149
1,1,8154
2,1,8158
3,1,8163
4,1,8168
0,1,8173
1,1,8178
2,1,8183
3,-1,
4,1,8188
0,1,8193
1,1,8198
2,1,8203
3,1,8208
4,1,8213
0,1,8217
1,1,8222
2,1,8226
3,1,8231
4,1,8236
0,1,8241
2,-1,8245
3,1,8249
4,1,8253
0,1,8257
1,1,8262
2,1,8266
3,-1,
4,1,8271
0,1,8276
1,1,8281
2,1,8285
3,1,8290
4,1,8295
0,-1,8299
1,1,8304
2,-1,
3,-1,
4,1,8309
0,1,8314
1,-1,8319
2,-1,
3,-1,
4,1,8323
0,1,8328
1,1,8332
3,-1,
4,-1,8336
0,1,8340
1,1,8345
2,-1,
3,-1,
4,1,8350
0,1,8355
1,1,8360
2,-1,
3,-1,
4,1,8365
0,1,8369
1,1,8374
2,-1,
3,-1,
4,1,8379
0,1,8384
1,1,8389
2,-1,
3,-1,
4,1,8393
0,1,8398
1,1,8403
2,-1,
3,1,8408
4,1,8412
0,1,8417
1,1,8422
2,-1,
3,-1,
4,1,8427
0,1,8431
1,1,8436
2,1,8441
3,1,8446
4,1,8451
0,1,8455
1,1,8460
2,1,8464
3,1,8469
4,1,8474
0,1,8478
1,1,8483
2,1,8488
3,-1,
4,1,8493
0,1,8497
1,1,8501
2,-1,8505
3,1,8509
1,1,8513
2,1,8517
3,1,8521
4,1,8525
0,1,8529
1,1,8533
2,1,8537
3,1,8542
4,1,8547
0,1,8552
1,1,8556
2,1,8561
3,1,8566
4,1,8570
0,1,8575
1,1,8579
2,1,8584
3,1,8589
4,1,8594
0,1,8599
2,1,8603
3,1,8607
4,1,8611
0,1,8615
1,1,8620
2,1,8624
3,1,8629
4,1,8633
0,1,8638
1,1,8643
2,1,8647
3,1,8652
4,1,8657
0,1,8662
1,1,8667
2,-1,
3,-1,
4,-1,
0,1,8671
1,1,8676
2,-1,
3,1,8681
4,-1,
0,1,8685
1,1,8690
2,-1,
3,-1,
4,1,8695
0,1,8700
1,1,8705
2,-1,
3,-1,
4,1,8709
0,1,8714
1,1,8718
2,-1,
4,1,8722
0,1,8726
1,1,8731
2,-1,
3,-1,
4,1,8736
0,1,8741
1,1,8746
2,-1,
3,1,8750
4,-1,
0,1,8755
1,1,8760
2,-1,
3,1,8765
4,-1,
0,1,8769
1,1,8774
2,-1,
3,1,8779
4,1,8784
0,1,8788
1,1,8793
2,1,8797
3,1,8802
4,1,8806
0,1,8811
1,1,8816
2,1,8820
3,1,8825
4,1,8830
0,1,8835
2,1,8839
3,1,8843
4,1,8847
0,1,8851
2,1,8855
3,1,8859
4,1,8862
0,1,8866
2,1,8870
3,1,8874
4,1,8878
0,1,8882
1,1,8887
2,-1,
3,-1,
4,-1,
0,1,8891
1,1,8896
2,-1,
3,1,8900
4,-1,
0,1,8904
1,1,8909
2,-1,
3,-1,
4,1,8913
0,1,8918
1,1,8923
2,-1,
3,-1,
4,1,8927
0,1,8932
1,1,8936
2,-1,
4,1,8939
0,1,8943
1,1,8948
2,-1,
3,-1,
4,1,8952
0,1,8957
1,1,8962
2,-1,
3,1,8966
4,-1,
0,1,8971
1,1,8976
2,-1,
3,1,8980
4,-1,
0,1,8984
1,1,8989
2,-1,
3,1,8993
4,1,8998
0,1,9002
1,1,9007
2,-1,
3,1,9012
4,1,9016
0,1,9021
1,1,9026
2,-1,
3,1,9031
4,1,9036
0,1,9041
2,-1,
3,1,9045
4,1,9049
0,1,9053
1,1,9058
2,-1,
3,1,9062
4,1,9066
0,1,9071
1,1,9076
2,-1,
3,1,9080
4,1,9085
0,1,9090
1,1,9094
2,-1,
4,1,9098
0,1,9102
1,1,9107
2,-1,
3,-1,
4,1,9112
0,1,9117
1,1,9122
2,-1,
3,1,9127
4,-1,
0,1,9131
1,1,9136
2,-1,
3,1,9141
4,1,9146
0,1,9150
1,1,9155
2,1,9159
3,1,9164
4,1,9168
0,1,9173
1,1,9178
2,-1,
3,1,9183
4,1,9187
0,-1,9192
1,1,9196
2,1,9200
4,1,9204
0,-1,9208
1,1,9213
2,1,9218
3,1,9223
4,1,9227
0,1,9232
1,1,9237
2,1,9241
3,1,9246
4,1,9250
0,1,9255
2,1,9259
3,1,9263
4,-1,9266
0,1,9270
1,1,9275
2,-1,
3,1,9279
4,1,9283
0,1,9288
1,1,9292
2,1,9295
4,-1,9299
0,1,9303
1,1,9308
2,1,9312
3,1,9317
4,1,9321
0,1,9326
1,1,9331
2,-1,
3,1,9336
4,-1,
0,1,9340
1,1,9345
2,-1,
3,1,9349
4,-1,
0,1,9353
1,1,9357
2,-1,
4,-1,
0,1,9361
1,1,9366
2,-1,
3,1,9371
4,1,9375
0,1,9380
1,1,9384
2,1,9388
4,1,9392
0,1,9396
1,1,9400
2,1,9403
4,1,9407
0,1,9411
1,1,9415
2,-1,
4,1,9419
0,1,9423
1,1,9427
2,1,9431
4,1,9435
0,1,9439
1,1,9444
2,-1,
3,1,9449
4,-1,
0,1,9453
1,1,9458
2,-1,
3,1,9462
4,-1,
0,1,9466
1,1,9471
2,-1,
3,1,9476
4,-1,
0,1,9480
1,-1,9484
2,-1,
4,-1,
0,1,9488
1,-1,9493
2,-1,
3,-1,9498
4,-1,9502
0,1,9506
1,1,9511
2,1,9515
3,1,9520
4,1,9525
0,1,9530
1,1,9535
2,-1,
3,1,9540
4,1,9545
0,-1,9550
1,1,9555
2,1,9560
3,1,9565
4,1,9569
0,1,9574
1,1,9579
2,1,9584
3,1,9589
4,1,9594
0,1,9598
1,1,9603
2,1,9607
3,1,9612
4,1,9617
0,1,9622
2,1,9626
3,-1,9630
4,1,9634
0,1,9638
1,1,9643
2,-1,
3,1,9647
4,1,9652
0,1,9657
1,1,9662
2,1,9666
3,1,9671
4,1,9675
0,1,9680
1,1,9685
2,1,9689
3,1,9694
4,1,9699
0,1,9703
1,1,9708
2,-1,
3,-1,
4,1,9713
0,1,9718
1,1,9723
2,-1,
3,-1,
4,1,9727
0,1,9732
1,1,9737
2,-1,
3,1,9742
4,1,9746
0,1,9751
1,1,9756
2,-1,
3,-1,
4,1,9761
0,1,9765
1,1,9770
2,-1,
3,-1,
4,1,9775
0,1,9780
1,1,9785
2,-1,
3,-1,
4,1,9789
0,1,9794
1,1,9799
2,-1,
3,-1,
4,1,9804
0,1,9809
1,-1,9813
2,-1,
4,-1,9817
0,1,9821
1,1,9826
2,-1,
3,-1,
4,-1,9831
0,1,9835
1,1,9840
2,1,9845
3,1,9850
4,1,9855
0,1,9859
1,1,9864
2,1,9868
3,1,9873
4,1,9878
0,1,9882
1,1,9887
2,-1,
3,1,9892
4,1,9897
0,1,9901
1,1,9906
2,1,9911
3,1,9916
4,1,9920
0,1,9924
1,1,9928
2,1,9932
3,-1,9936
1,1,9940
2,1,9944
3,1,9948
4,-1,
0,1,9952
1,1,9956
2,1,9960
3,1,9965
4,-1,
0,1,9970
1,1,9974
2,1,9979
3,1,9984
4,-1,
0,1,9989
1,1,9993
2,1,9998
3,1,10003
4,1,10008
0,1,10012
2,1,10016
3,1,10020
4,-1,
0,1,10024
1,1,10029
2,1,10033
3,1,10038
4,-1,
0,1,10043
1,1,10048
2,1,10052
3,1,10057
4,1,10062
0,1,10066
1,1,10071
2,-1,
3,-1,
4,-1,
0,1,10075
1,1,10080
2,-1,
3,-1,
4,-1,
0,1,10085
1,1,10090
2,-1,
3,-1,
4,1,10095
0,1,10099
1,1,10104
2,-1,
3,1,10108
4,-1,
0,1,10113
1,1,10118
2,-1,
3,1,10123
4,-1,
0,1,10127
1,1,10132
2,-1,
3,1,10137
4,1,10142
0,1,10146
1,1,10151
2,1,10155
3,1,10160
4,-1,
0,1,10165
1,1,10170
2,1,10174
3,1,10179
4,1,10184
0,1,10188
2,1,10192
3,1,10196
4,-1,
0,1,10200
2,1,10204
3,1,10208
4,-1,
0,1,10212
2,1,10216
3,1,10220
4,1,10224
0,1,10227
1,1,10232
2,-1,
3,-1,
4,-1,
0,1,10236
1,1,10241
2,-1,
3,-1,
4,-1,
0,1,10245
1,1,10250
2,-1,
3,-1,
4,1,10254
0,1,10258
1,1,10263
2,-1,
3,1,10267
4,-1,
0,1,10272
1,1,10277
2,-1,
3,1,10281
4,-1,
0,1,10285
1,1,10290
2,-1,
3,1,10294
4,1,10299
0,1,10303
1,1,10308
2,-1,
3,1,10313
4,1,10318
0,1,10322
2,-1,
3,1,10326
4,-1,
0,1,10330
1,1,10335
2,-1,
3,1,10339
4,1,10344
0,1,10348
1,1,10353
2,-1,
3,1,10358
4,-1,
0,1,10362
1,1,10367
2,-1,
3,1,10372
4,1,10377
0,1,10381
1,1,10386
2,1,10390
3,1,10395
4,-1,
0,1,10400
1,1,10405
2,1,10409
3,1,10414
4,-1,
0,1,10419
2,1,10423
3,1,10427
4,-1,
0,1,10431
1,1,10436
2,-1,
3,-1,
4,-1,
0,1,10441
1,1,10446
2,-1,
3,-1,
4,-1,
0,1,10450
1,1,10455
2,-1,
3,1,10460
4,-1,
0,1,10464
1,1,10469
2,-1,
3,1,10473
4,-1,
0,1,10477
1,1,10481
2,-1,
4,-1,
0,1,10485
1,1,10490
2,1,10494
3,1,10499
4,1,10504
0,1,10508
1,1,10513
2,-1,
3,1,10518
4,1,10523
0,1,10527
1,1,10531
2,1,10535
3,1,10539
0,1,10543
1,1,10548
2,1,10552
3,1,10557
4,1,10562
0,1,10566
2,1,10570
3,-1,10574
4,1,10578
0,1,10581
1,1,10586
2,-1,
3,1,10590
4,1,10595
0,1,10599
1,1,10603
2,1,10606
3,-1,10610
0,1,10614
1,1,10619
2,-1,
3,-1,
4,1,10624
0,1,10628
1,1,10633
2,-1,
3,-1,
4,1,10637
0,1,10641
1,1,10645
2,-1,
3,-1,
0,1,10649
1,1,10654
2,-1,
3,1,10659
4,1,10664
0,1,10668
1,1,10673
2,-1,
3,1,10677
4,1,10682
0,1,10686
1,1,10691
2,-1,
3,1,10696
4,1,10701
0,1,10705
1,-1,10710
2,-1,
3,-1,10715
4,-1,10719
0,1,10723
1,-1,10727
2,-1,
3,-1,10731
0,1,10735
1,1,10739
2,1,10743
3,1,10747
0,1,10751
1,1,10755
2,1,10758
3,1,10762
0,1,10766
1,1,10770
2,-1,
3,1,10774
1,1,10778
2,1,10782
3,1,10786
4,1,10790
1,1,10794
2,1,10798
3,1,10802
4,1,10806
1,-1,
2,1,10810
3,1,10814
4,1,10818
0,1,10822
1,-1,
2,1,10826
3,1,10831
4,1,10836
0,1,10841
1,-1,
2,1,10845
3,1,10850
4,1,10855
1,1,10860
2,1,10864
3,-1,
4,-1,
0,1,10867
1,1,10870
3,-1,
4,-1,
0,1,10874
1,1,10878
2,1,10883
3,1,10887
4,-1,
0,1,10892
1,1,10896
2,1,10901
3,-1,
4,1,10905
1,1,10910
2,-1,
3,1,10914
4,1,10918
0,1,10922
1,1,10926
2,-1,
3,1,10931
4,1,10935
0,1,10940
1,1,10944
2,-1,
3,1,10949
4,1,10954
1,1,10959
2,-1,
3,1,10963
4,-1,
0,1,10967
1,1,10971
2,-1,
3,1,10976
4,-1,
0,1,10981
1,1,10985
2,-1,
3,1,10990
4,1,10995
1,1,10999
2,1,11003
3,1,11007
4,1,11011
0,-1,
1,1,11015
2,1,11020
3,1,11025
4,1,11030
0,1,11035
2,1,11039
3,1,11043
4,1,11047
0,1,11051
1,1,11056
2,1,11060
3,1,11065
4,1,11070
0,1,11075
1,1,11079
3,-1,
4,-1,
0,1,11083
1,1,11088
2,1,11093
3,-1,
4,1,11097
0,1,11102
1,1,11107
2,-1,
3,1,11112
4,1,11116
0,1,11121
1,1,11126
2,-1,
3,1,11131
4,1,11136
0,1,11141
1,1,11146
2,-1,
3,1,11151
4,1,11156
1,1,11160
2,1,11164
3,1,11168
4,1,11172
0,1,11176
1,-1,
2,1,11180
3,1,11185
4,1,11190
0,1,11195
1,1,11199
2,1,11204
3,1,11208
4,-1,
0,1,11213
1,1,11217
3,1,11221
4,-1,
0,1,11225
1,1,11229
2,1,11234
3,1,11239
4,1,11243
0,1,11248
1,1,11252
2,1,11256
4,1,11260
0,1,11264
1,1,11268
2,-1,
3,1,11273
4,-1,
1,1,11278
2,1,11282
3,1,11286
4,1,11290
0,-1,
1,1,11294
2,1,11299
3,1,11304
4,1,11309
0,-1,
1,1,11314
2,1,11319
3,1,11324
4,1,11329
0,1,11333
1,-1,
2,1,11337
3,1,11342
4,1,11347
0,1,11352
1,-1,
2,1,11357
3,1,11362
4,1,11367
0,1,11371
1,1,11375
2,1,11380
3,-1,
4,1,11384
0,1,11389
1,1,11394
2,1,11399
3,-1,
4,1,11403
0,1,11408
1,1,11412
3,-1,
4,1,11416
0,1,11420
1,1,11425
2,1,11430
3,-1,
4,1,11434
0,1,11438
1,1,11442
2,-1,
3,1,11447
4,1,11452
0,1,11457
1,1,11462
2,-1,
3,1,11467
4,1,11472
0,1,11477
1,1,11482
2,-1,
3,1,11487
4,1,11491
0,1,11496
1,1,11501
2,-1,
3,1,11506
4,1,11511
0,1,11515
1,1,11519
2,1,11524
3,1,11529
4,1,11534
0,1,11538
1,1,11543
2,1,11548
3,1,11553
4,1,11558
0,1,11562
1,1,11566
2,1,11570
3,1,11574
1,-1,
2,1,11578
3,1,11582
4,1,11586
0,1,11590
1,-1,
2,1,11594
3,1,11599
4,1,11604
0,1,11609
1,-1,
2,1,11613
3,1,11618
4,1,11623
0,1,11628
1,-1,
3,-1,
4,-1,
0,1,11632
1,-1,
2,1,11637
3,1,11641
4,-1,
0,1,11646
1,-1,
2,1,11651
3,-1,
4,1,11655
0,1,11660
1,-1,
2,-1,
3,1,11665
4,1,11669
0,1,11674
1,-1,
2,-1,
3,1,11679
4,1,11684
0,1,11689
1,-1,
2,-1,
3,1,11694
4,-1,
0,1,11699
1,-1,
2,-1,
3,1,11704
4,1,11709
0,1,11713
1,-1,
2,1,11717
3,1,11722
4,1,11727
0,1,11732
1,-1,
2,1,11737
3,1,11741
4,-1,
0,1,11746
1,-1,
3,1,11750
4,-1,
0,1,11754
1,-1,
2,1,11759
3,1,11764
4,1,11768
0,1,11773
1,-1,
2,1,11777
4,1,11781
0,1,11785
1,-1,
2,-1,
3,1,11790
4,-1,
0,1,11795
1,-1,
2,1,11799
3,1,11804
4,1,11809
0,1,11814
1,-1,
2,1,11819
3,1,11824
4,1,11829
0,1,11833
1,-1,
2,1,11838
3,-1,
4,1,11842
0,1,11847
1,-1,
3,-1,
4,1,11851
0,1,11855
1,-1,
2,1,11860
3,-1,
4,1,11864
0,1,11868
1,-1,
2,-1,
3,1,11873
4,1,11878
0,1,11883
1,-1,
2,-1,
3,1,11888
4,1,11892
0,1,11897
1,-1,
2,-1,
3,1,11902
4,1,11907
0,1,11911
1,-1,
2,1,11916
3,1,11921
4,1,11926
0,1,11930
1,-1,
2,1,11934
3,1,11938
1,1,11942
2,1,11946
3,-1,
4,-1,
0,1,11949
1,1,11952
3,-1,
4,-1,
0,1,11956
1,1,11960
2,1,11965
3,1,11969
4,-1,
0,1,11974
1,1,11978
2,1,11983
3,-1,
4,1,11987
0,1,11992
1,-1,
3,-1,
4,-1,
0,1,11996
1,-1,
2,1,12001
3,1,12005
4,-1,
0,1,12010
1,-1,
2,1,12015
3,-1,
4,1,12019
0,1,12024
1,1,12028
3,1,12032
4,-1,
0,1,12036
1,1,12040
3,-1,
4,1,12044
0,1,12048
1,1,12052
3,-1,
4,-1,
0,1,12056
1,1,12061
2,1,12066
3,-1,
4,1,12070
0,1,12075
2,1,12079
3,-1,
4,-1,
0,1,12082
1,1,12086
3,-1,
4,-1,
0,1,12089
1,1,12094
2,1,12098
3,-1,
4,1,12102
0,1,12107
1,1,12111
3,-1,
4,1,12115
0,1,12119
1,1,12122
3,-1,
4,-1,
0,1,12126
1,1,12130
3,-1,
4,-1,
0,1,12134
1,1,12138
3,1,12142
4,-1,
0,1,12146
1,1,12150
3,-1,
4,1,12154
0,1,12158
1,-1,
3,-1,
4,-1,
0,1,12162
1,-1,
3,1,12166
4,-1,
0,1,12170
1,-1,
3,-1,
4,1,12174
0,1,12178
1,1,12182
2,1,12187
3,1,12191
4,-1,
0,1,12196
1,1,12200
3,1,12204
4,-1,
0,1,12208
1,-1,
2,1,12213
3,1,12217
4,-1,
0,1,12222
1,-1,
3,1,12226
4,-1,
0,1,12230
1,1,12234
3,1,12238
4,-1,
0,1,12242
1,1,12247
2,1,12252
3,1,12256
4,-1,
0,1,12260
1,1,12264
3,1,12268
4,-1,
0,1,12271
1,1,12275
2,1,12279
4,-1,
0,1,12282
1,1,12286
2,1,12291
3,-1,
4,1,12295
0,1,12300
1,1,12305
2,1,12310
3,-1,
4,1,12314
0,1,12319
1,1,12323
3,-1,
4,1,12327
0,1,12331
1,1,12336
2,1,12341
3,-1,
4,1,12345
0,1,12349
1,-1,
2,1,12354
3,-1,
4,1,12358
0,1,12363
1,-1,
3,-1,
4,1,12367
0,1,12371
1,-1,
2,1,12376
3,-1,
4,1,12380
0,1,12384
1,1,12388
3,-1,
4,1,12392
0,1,12396
1,1,12400
3,-1,
4,1,12404
0,1,12408
1,1,12412
3,-1,
4,1,12416
0,1,12419
1,1,12424
2,1,12429
3,-1,
4,1,12433
0,1,12437
1,1,12442
2,1,12447
3,-1,
4,1,12451
0,1,12455
1,1,12459
3,-1,
4,1,12463
0,1,12466
1,1,12470
2,1,12474
3,-1,
1,1,12477
2,-1,
3,1,12481
4,1,12485
0,1,12489
1,1,12493
2,-1,
3,1,12498
4,1,12502
0,1,12507
1,1,12511
2,-1,
3,1,12516
4,1,12521
0,1,12526
1,-1,
2,-1,
3,1,12531
4,1,12535
0,1,12540
1,-1,
2,-1,
3,1,12545
4,1,12550
0,1,12555
1,1,12559
2,-1,
4,1,12563
0,1,12567
1,1,12572
2,-1,
3,-1,
4,1,12577
0,1,12582
1,1,12587
2,-1,
3,1,12592
4,-1,
0,1,12596
1,1,12601
2,-1,
3,1,12606
4,1,12611
0,1,12615
1,1,12620
2,-1,
3,1,12625
4,1,12629
0,1,12634
1,1,12639
2,-1,
3,1,12644
4,1,12649
0,1,12654
2,-1,
3,1,12658
4,1,12662
0,1,12666
1,1,12671
2,-1,
3,1,12675
4,1,12679
0,1,12684
1,1,12689
2,-1,
3,1,12693
4,1,12698
0,1,12703
1,1,12707
2,-1,
4,1,12711
0,1,12715
1,1,12720
2,-1,
3,-1,
4,1,12725
0,1,12730
1,1,12735
2,-1,
3,1,12740
4,-1,
0,1,12744
1,1,12749
2,-1,
3,1,12754
4,1,12759
0,1,12763
1,1,12767
2,-1,
3,1,12772
4,1,12776
0,1,12781
1,1,12786
2,-1,
3,1,12791
4,1,12795
0,1,12800
1,1,12804
2,-1,
4,1,12808
0,1,12812
1,1,12817
2,-1,
3,1,12822
4,1,12826
0,1,12831
1,-1,
2,-1,
3,1,12836
4,1,12840
0,1,12845
1,-1,
2,-1,
4,1,12849
0,1,12853
1,-1,
2,-1,
3,1,12858
4,1,12862
0,1,12867
1,1,12871
2,-1,
4,1,12875
0,1,12879
1,1,12883
2,-1,
4,1,12887
0,1,12891
1,1,12895
2,-1,
4,1,12899
0,1,12903
1,1,12908
2,-1,
3,1,12913
4,-1,
0,1,12917
1,1,12922
2,-1,
3,1,12927
4,-1,
0,1,12931
1,1,12935
2,-1,
4,-1,
0,1,12939
1,1,12944
2,-1,
3,1,12949
4,1,12953
0,1,12957
1,1,12961
2,-1,
3,1,12966
4,1,12971
0,1,12976
1,1,12981
2,-1,
3,1,12986
4,1,12991
0,1,12996
1,1,13001
2,-1,
3,1,13006
4,1,13010
0,1,13015
1,1,13020
2,-1,
3,1,13025
4,1,13030
0,1,13034
1,-1,
2,-1,
3,1,13039
4,1,13044
0,1,13049
1,-1,
2,-1,
3,1,13054
4,1,13058
0,1,13063
1,-1,
2,-1,
3,1,13068
4,1,13073
0,1,13077
1,1,13082
2,-1,
3,-1,
4,1,13087
0,1,13092
1,1,13097
2,-1,
3,-1,
4,1,13102
0,1,13107
1,1,13111
2,-1,
4,1,13115
0,1,13119
1,1,13124
2,-1,
3,-1,
4,1,13129
0,1,13133
1,1,13138
2,-1,
3,1,13143
4,1,13148
0,1,13152
1,1,13157
2,-1,
3,1,13162
4,1,13167
0,1,13171
1,1,13176
2,-1,
3,1,13181
4,1,13185
0,1,13189
1,1,13193
2,-1,
3,1,13197
1,1,13201
2,-1,
3,1,13205
4,-1,
0,1,13209
1,1,13213
2,-1,
3,1,13218
4,-1,
0,1,13223
1,1,13227
2,-1,
3,1,13232
4,1,13237
0,1,13241
1,-1,
2,-1,
3,1,13246
4,-1,
0,1,13251
1,-1,
2,-1,
3,1,13256
4,1,13261
0,1,13265
1,1,13270
2,-1,
3,1,13275
4,-1,
0,1,13279
1,1,13284
2,-1,
3,1,13289
4,1,13294
0,1,13298
1,1,13303
2,-1,
3,1,13308
4,1,13313
0,1,13317
2,-1,
3,1,13321
4,-1,
0,1,13325
1,1,13330
2,-1,
3,1,13334
4,1,13339
0,1,13343
1,1,13348
2,-1,
3,1,13353
4,-1,
0,1,13357
1,1,13362
2,-1,
3,1,13367
4,1,13372
0,1,13376
1,1,13380
2,-1,
3,1,13385
4,-1,
0,1,13390
1,-1,
2,-1,
3,1,13395
4,-1,
0,1,13400
1,1,13405
2,-1,
3,1,13410
4,-1,
0,1,13414
1,1,13418
2,-1,
4,-1,
0,1,13422
1,1,13426
2,-1,
3,1,13431
4,1,13436
0,1,13440
1,1,13445
2,-1,
3,1,13450
4,1,13455
0,1,13459
1,1,13463
2,-1,
3,1,13467
0,1,13471
1,-1,
2,-1,
3,1,13476
4,1,13481
0,1,13485
1,-1,
2,-1,
3,1,13489
0,1,13493
1,1,13498
2,-1,
3,1,13503
4,1,13508
0,1,13512
1,1,13517
2,-1,
3,1,13522
4,1,13527
0,1,13531
1,1,13536
2,-1,
3,1,13541
4,1,13545
0,1,13549
1,1,13553
2,-1,
3,1,13557
0,1,13561
1,1,13565
2,-1,
3,1,13569
0,1,13573
1,1,13577
2,-1,
3,1,13581
1,1,13585
2,1,13589
3,1,13593
4,1,13597
1,1,13601
2,1,13605
3,1,13609
4,1,13613
1,-1,
2,-1,
3,-1,13617
4,1,13621
0,1,13625
1,1,13629
2,-1,
3,1,13633
4,1,13638
0,1,13643
1,-1,
2,1,13647
3,1,13652
4,1,13657
0,1,13662
1,-1,
2,-1,
3,1,13666
4,1,13671
1,-1,
2,1,13676
3,-1,
4,1,13680
0,1,13684
1,-1,
2,1,13688
3,-1,
4,1,13692
0,1,13697
1,-1,
2,1,13701
3,-1,
4,1,13706
1,-1,13711
2,-1,
3,1,13715
4,1,13718
0,1,13722
1,1,13726
2,1,13731
3,1,13736
4,1,13740
0,1,13745
1,-1,13748
2,-1,
4,1,13752
0,1,13756
1,1,13760
2,-1,
3,1,13765
4,1,13769
1,1,13774
2,1,13778
3,1,13782
4,-1,
0,1,13786
1,1,13790
2,-1,
3,1,13795
4,-1,
1,1,13800
2,1,13804
3,1,13808
4,1,13812
0,-1,
1,1,13816
2,1,13820
3,1,13825
4,1,13830
0,-1,
1,1,13835
2,1,13840
3,1,13845
4,1,13850
0,1,13855
2,1,13859
3,1,13863
4,1,13867
0,1,13871
1,1,13876
2,1,13880
3,1,13885
4,1,13890
0,1,13895
1,1,13900
2,1,13904
3,-1,
4,1,13909
0,1,13914
1,1,13919
2,1,13924
3,-1,
4,1,13929
0,1,13934
1,1,13939
2,-1,
3,1,13943
4,1,13947
0,1,13952
1,1,13956
2,-1,
4,1,13960
0,1,13964
1,1,13969
2,-1,
3,1,13974
4,1,13978
0,1,13983
1,1,13988
2,1,13992
3,1,13997
4,-1,
1,1,14002
2,1,14006
3,1,14010
4,1,14014
0,1,14018
1,-1,
2,1,14022
3,1,14027
4,1,14032
0,1,14037
1,1,14041
2,1,14046
3,1,14050
4,-1,
0,1,14055
1,1,14059
3,1,14063
4,-1,
0,1,14067
1,1,14071
2,1,14076
3,1,14081
4,1,14085
0,1,14090
1,1,14094
2,1,14098
4,1,14102
0,1,14106
1,1,14110
2,-1,
3,1,14115
4,-1,
1,1,14120
2,1,14124
3,1,14128
4,1,14132
0,-1,
1,1,14136
2,1,14141
3,1,14146
4,1,14151
0,1,14156
1,-1,
2,-1,
3,1,14160
4,1,14165
0,1,14170
1,1,14175
2,-1,
3,1,14179
4,1,14184
0,1,14189
1,-1,
2,1,14193
3,-1,
4,1,14198
0,1,14203
1,1,14208
2,1,14213
3,-1,
4,1,14218
0,1,14223
1,-1,
2,1,14228
3,-1,
4,1,14232
0,1,14237
1,1,14241
2,-1,
3,1,14246
4,1,14250
0,1,14255
1,1,14260
2,-1,
3,1,14265
4,1,14269
0,1,14274
1,1,14278
2,-1,
4,1,14282
0,1,14286
1,1,14290
2,1,14295
3,1,14300
4,1,14305
0,1,14309
1,1,14314
2,1,14319
3,1,14324
4,1,14329
0,1,14333
1,1,14337
2,1,14341
3,1,14345
1,-1,
2,1,14349
3,-1,14353
4,1,14357
0,1,14361
1,1,14365
2,1,14369
3,1,14374
4,1,14379
0,1,14384
1,-1,
2,1,14388
3,1,14393
4,1,14398
0,1,14403
1,-1,
2,1,14407
3,1,14412
4,1,14417
0,1,14422
1,1,14427
2,1,14431
3,-1,
4,1,14436
0,1,14441
1,-1,
2,1,14446
3,-1,
4,1,14450
0,1,14455
1,-1,
2,1,14460
3,-1,
4,1,14465
0,1,14470
1,1,14475
2,-1,
3,1,14479
4,1,14483
0,1,14488
1,-1,
2,1,14493
3,1,14498
4,1,14502
0,-1,14507
1,-1,
2,-1,
4,1,14511
0,1,14515
1,-1,
2,-1,
3,1,14520
4,1,14524
0,1,14529
1,1,14534
2,1,14538
3,1,14543
4,-1,
0,1,14548
1,-1,
2,-1,
3,1,14553
4,-1,
0,1,14558
1,1,14562
2,-1,
3,1,14566
4,1,14571
0,1,14576
2,-1,
3,1,14580
4,1,14584
0,1,14588
1,1,14593
2,-1,
3,1,14597
4,1,14602
0,1,14607
2,1,14611
3,1,14615
4,1,14619
0,1,14623
2,1,14627
3,1,14631
4,1,14635
0,1,14639
1,1,14644
2,1,14648
3,-1,
4,1,14653
0,-1,
2,1,14658
3,-1,
4,1,14662
0,-1,
1,1,14666
2,1,14670
3,-1,
4,1,14674
0,-1,
1,1,14679
2,1,14683
3,-1,
4,1,14688
0,1,14693
1,1,14698
2,-1,
3,1,14702
4,1,14706
0,1,14711
2,-1,
3,1,14715
4,1,14718
0,1,14722
1,1,14726
2,-1,
4,1,14729
0,1,14733
1,1,14738
2,-1,
3,1,14742
4,1,14746
0,1,14751
1,1,14756
2,1,14760
3,1,14765
4,-1,
0,1,14770
2,1,14774
3,1,14778
4,-1,
0,1,14782
1,-1,
2,1,14786
3,1,14791
4,1,14796
0,1,14801
1,-1,
2,1,14806
3,1,14810
4,-1,
0,1,14815
1,-1,
3,1,14819
4,-1,
0,1,14823
1,-1,
2,1,14828
3,1,14833
4,1,14837
0,1,14842
1,-1,
2,1,14846
4,1,14850
0,1,14854
1,-1,
2,-1,
3,1,14859
4,-1,
0,1,14864
1,-1,
2,-1,
3,1,14868
4,1,14873
0,1,14878
1,1,14883
2,-1,
3,1,14887
4,1,14892
0,1,14897
1,-1,
2,1,14902
3,-1,
4,1,14907
0,-1,
1,1,14912
2,1,14916
3,-1,
4,1,14921
0,-1,
1,-1,
2,1,14926
3,-1,
4,1,14930
0,1,14935
1,-1,
2,-1,
3,1,14940
4,1,14944
0,1,14949
1,1,14954
2,-1,
3,1,14958
4,1,14962
0,1,14967
1,-1,
2,-1,
4,1,14971
0,1,14975
1,-1,
2,1,14980
3,1,14985
4,1,14990
0,1,14994
1,1,14999
2,1,15003
3,1,15008
4,1,15013
0,1,15017
1,-1,
2,1,15021
3,1,15025
1,1,15029
2,1,15033
3,-1,
4,1,15037
0,1,15041
1,1,15045
2,1,15050
3,-1,
4,1,15055
0,1,15060
1,1,15064
2,1,15069
3,-1,
4,1,15073
0,1,15078
1,1,15082
2,1,15087
3,-1,
4,1,15092
0,1,15097
1,1,15102
2,1,15106
3,-1,
4,1,15111
0,1,15116
1,-1,
2,1,15121
3,-1,
4,1,15125
0,1,15130
1,-1,
2,1,15135
3,-1,
4,1,15140
0,1,15145
1,1,15150
2,-1,
3,-1,
4,-1,
0,1,15155
1,1,15159
3,-1,
4,-1,
0,1,15163
1,1,15168
2,-1,
3,-1,
4,1,15173
0,1,15178
1,1,15183
2,-1,
3,-1,
4,-1,
0,1,15188
1,1,15193
2,1,15198
3,-1,
4,-1,
0,1,15202
1,1,15207
2,1,15211
3,-1,
4,1,15216
0,1,15221
1,1,15226
2,1,15231
3,-1,
4,1,15236
0,1,15241
1,1,15246
2,1,15250
3,-1,
4,1,15255
0,1,15260
2,1,15264
3,-1,
4,1,15268
0,1,15272
1,1,15277
2,1,15281
3,-1,
4,1,15286
0,1,15291
1,1,15296
2,-1,
3,-1,
4,-1,
0,1,15301
1,1,15306
2,-1,
3,-1,
4,-1,
0,1,15310
1,1,15314
3,-1,
4,-1,
0,1,15318
1,1,15323
2,-1,
3,-1,
4,1,15328
0,1,15333
1,1,15338
2,-1,
3,-1,
4,-1,
0,1,15343
1,1,15348
2,-1,
3,-1,
4,-1,
0,1,15352
1,-1,
2,1,15356
3,-1,
4,1,15360
0,1,15365
1,-1,
3,-1,
4,1,15369
0,1,15373
1,-1,
2,1,15378
3,-1,
4,1,15382
0,1,15387
1,-1,
2,1,15392
3,-1,
4,1,15396
0,-1,
1,1,15401
2,1,15405
3,-1,
4,1,15409
0,-1,
1,-1,
3,-1,
4,1,15414
0,-1,
1,-1,
2,1,15418
3,-1,
4,1,15422
0,1,15427
1,1,15431
3,-1,
4,1,15435
0,1,15439
1,1,15443
3,-1,
4,1,15447
0,1,15451
1,1,15456
2,1,15461
3,-1,
4,-1,
0,1,15465
1,1,15469
3,-1,
4,-1,
0,1,15473
1,-1,
2,1,15477
3,-1,
4,1,15482
0,1,15487
1,1,15492
2,1,15497
3,-1,
4,1,15502
0,1,15507
1,-1,
2,1,15512
3,-1,
4,1,15516
0,1,15521
1,-1,
2,1,15526
3,-1,
4,1,15531
0,-1,
1,1,15536
2,1,15540
3,-1,
4,1,15545
0,-1,
1,-1,
2,1,15550
3,-1,
4,1,15554
0,1,15559
1,1,15564
2,-1,
3,-1,
4,1,15569
0,1,15574
1,1,15579
2,-1,
3,-1,
4,1,15584
0,1,15589
1,1,15593
3,-1,
4,1,15597
0,1,15601
1,1,15606
2,1,15611
3,-1,
4,1,15616
0,1,15620
1,1,15625
2,1,15630
3,-1,
4,1,15635
0,1,15639
1,1,15644
2,1,15649
3,-1,
4,1,15653
0,1,15657
1,1,15661
2,1,15665
3,-1,
1,-1,15669
2,-1,
3,1,15673
4,1,15676
0,1,15680
1,1,15684
2,-1,
3,1,15689
4,1,15693
0,1,15698
1,1,15702
2,1,15707
3,1,15712
4,1,15716
0,1,15721
1,-1,15724
2,-1,
4,1,15728
0,1,15732
1,1,15736
2,-1,
3,1,15741
4,1,15745
0,1,15750
1,1,15755
2,-1,
3,1,15759
4,1,15763
0,1,15768
1,-1,
2,1,15773
3,1,15778
4,1,15782
0,-1,15787
1,-1,
2,-1,
4,1,15791
0,1,15795
1,-1,
2,-1,
3,1,15800
4,1,15804
0,1,15809
1,1,15813
2,-1,
4,1,15817
0,1,15821
1,1,15825
2,1,15829
4,1,15833
0,1,15837
1,1,15841
2,-1,
4,1,15845
0,1,15849
1,1,15854
2,-1,
3,1,15859
4,-1,
0,1,15863
1,1,15868
2,-1,
3,1,15873
4,-1,
0,1,15877
1,1,15881
2,-1,
4,-1,
0,1,15885
1,1,15890
2,-1,
3,1,15894
4,1,15898
0,1,15903
1,1,15907
2,-1,
4,1,15911
0,1,15915
1,1,15920
2,-1,
3,1,15925
4,1,15929
0,1,15934
1,1,15939
2,-1,
3,1,15943
4,1,15947
0,1,15952
2,-1,
3,1,15956
4,1,15959
0,1,15963
1,1,15967
2,-1,
4,1,15970
0,1,15974
1,1,15979
2,-1,
3,1,15983
4,1,15987
0,1,15992
1,1,15996
2,-1,
4,1,16000
0,1,16004
1,1,16008
2,-1,
4,1,16011
0,1,16015
1,1,16019
2,-1,
4,1,16023
0,1,16027
1,1,16032
2,-1,
3,1,16037
4,-1,
0,1,16041
1,1,16046
2,-1,
3,1,16050
4,-1,
0,1,16054
1,1,16058
2,-1,
4,-1,
0,1,16062
1,1,16066
2,1,16071
3,1,16076
4,1,16080
0,1,16085
1,1,16089
2,1,16093
4,1,16097
0,1,16101
1,-1,
2,1,16106
3,1,16111
4,1,16115
0,1,16120
1,-1,
2,1,16124
4,1,16128
0,1,16132
1,1,16137
2,1,16142
3,1,16146
4,-1,
0,1,16150
1,1,16154
3,1,16158
4,-1,
0,1,16161
1,1,16165
2,1,16169
4,-1,
0,1,16172
1,1,16176
2,1,16180
4,1,16184
0,1,16188
1,1,16193
2,-1,
3,1,16198
4,-1,
0,1,16202
1,1,16206
2,-1,
4,-1,
0,1,16210
1,-1,16213
2,-1,
4,1,16217
0,1,16221
1,1,16225
2,-1,
4,1,16229
0,1,16233
1,1,16237
2,1,16241
4,1,16245
0,1,16249
1,1,16253
2,-1,
4,1,16257
0,-1,16261
1,-1,
2,-1,
4,1,16265
0,1,16269
1,1,16273
2,-1,
4,1,16276
0,1,16280
1,-1,
2,1,16284
4,1,16288
0,1,16292
1,-1,
2,-1,
4,1,16296
0,1,16300
1,1,16304
2,-1,
4,-1,
0,1,16308
1,1,16312
2,-1,
4,-1,
0,1,16316
1,1,16320
2,-1,
4,-1,
0,1,16324
1,1,16328
2,-1,
3,1,16333
4,1,16337
0,1,16342
1,1,16347
2,-1,
3,1,16352
4,1,16356
0,1,16361
1,1,16365
2,-1,
4,1,16369
0,1,16373
1,-1,
2,-1,
3,1,16378
4,1,16382
0,1,16387
1,1,16392
2,-1,
3,1,16396
4,1,16400
0,1,16405
1,-1,
2,-1,
4,1,16409
0,1,16413
1,1,16417
2,-1,
4,1,16421
0,1,16425
1,1,16429
2,-1,
4,1,16433
0,1,16437
1,1,16442
2,-1,
3,1,16447
4,1,16451
0,1,16455
1,1,16460
2,-1,
3,1,16465
4,1,16469
0,1,16473
1,1,16477
2,-1,
4,1,16481
0,1,16484
1,1,16488
2,-1,
3,1,16492
1,1,16495
2,1,16499
3,1,16503
4,-1,
0,1,16507
1,1,16511
2,1,16516
3,1,16521
4,-1,
0,1,16526
1,1,16530
2,-1,
3,1,16535
4,-1,
0,1,16540
1,1,16545
2,1,16549
3,1,16554
4,-1,
0,1,16559
1,-1,
2,-1,
3,1,16564
4,-1,
0,1,16569
1,1,16574
2,-1,
3,-1,
4,-1,
0,1,16579
1,1,16584
2,1,16589
3,-1,
4,-1,
0,1,16593
1,1,16598
2,-1,
3,1,16603
4,-1,
0,1,16607
1,1,16612
2,-1,
3,1,16617
4,-1,
0,1,16621
1,1,16625
2,-1,
4,-1,
0,1,16629
1,1,16634
2,1,16638
3,1,16643
4,-1,
0,1,16648
1,1,16653
2,1,16657
3,1,16662
4,-1,
0,1,16667
2,1,16671
3,1,16675
4,-1,
0,1,16679
1,1,16684
2,-1,
3,-1,
4,-1,
0,1,16689
1,1,16694
2,-1,
3,-1,
4,-1,
0,1,16698
1,1,16703
2,-1,
3,1,16708
4,-1,
0,1,16712
1,1,16717
2,-1,
3,1,16721
4,-1,
0,1,16725
1,1,16729
2,-1,
4,-1,
0,1,16733
1,1,16737
2,-1,
3,1,16742
4,-1,
0,1,16747
1,-1,
2,-1,
3,1,16752
4,-1,
0,1,16757
1,1,16762
2,-1,
3,1,16767
4,-1,
0,1,16771
1,1,16775
2,-1,
4,-1,
1,1,16779
2,1,16783
3,1,16787
4,1,16791
1,1,16795
2,1,16799
3,1,16803
4,1,16807
1,1,16811
2,1,16815
3,1,16819
4,1,16823
1,-1,
2,-1,
3,-1,16826
4,-1,16830
0,1,16834
1,1,16838
2,-1,
3,1,16842
4,1,16847
0,1,16852
1,-1,
2,1,16856
3,1,16861
4,1,16866
0,1,16871
1,-1,
2,-1,
3,1,16875
4,1,16880
0,1,16885
1,-1,
2,-1,
3,1,16889
4,1,16894
1,-1,
2,1,16898
3,1,16902
4,1,16906
0,1,16910
1,-1,
2,1,16914
3,1,16918
4,1,16923
0,1,16928
1,-1,
2,1,16932
3,-1,
4,1,16937
0,1,16942
1,-1,
2,1,16946
3,1,16951
4,1,16956
1,-1,16960
2,1,16964
3,1,16968
4,1,16972
0,1,16976
1,1,16980
2,-1,
3,1,16985
4,1,16990
0,1,16995
1,-1,16999
2,1,17004
3,1,17009
4,1,17013
0,1,17018
1,1,17022
2,1,17027
3,1,17032
4,1,17037
1,-1,17041
2,1,17045
3,1,17049
4,1,17053
0,1,17056
1,1,17060
2,1,17065
3,1,17070
4,1,17075
0,1,17079
1,1,17083
2,1,17088
3,1,17093
4,1,17098
0,1,17102
1,-1,17105
2,1,17109
3,1,17113
1,1,17117
2,1,17121
3,1,17125
4,1,17129
0,-1,
1,1,17133
2,1,17137
3,1,17142
4,1,17147
0,-1,
1,1,17152
2,1,17157
3,1,17162
4,1,17167
0,-1,
1,1,17172
2,1,17177
3,1,17182
4,1,17187
0,-1,
1,1,17192
2,1,17197
3,1,17202
4,1,17207
0,-1,17211
2,1,17215
3,1,17219
4,1,17223
0,1,17227
1,1,17232
2,1,17236
3,1,17241
4,1,17246
0,1,17251
1,1,17256
2,1,17260
3,1,17265
4,1,17270
0,1,17275
1,1,17280
2,1,17284
3,1,17289
4,1,17294
0,1,17298
1,1,17303
2,1,17307
3,1,17312
4,1,17317
0,1,17322
1,1,17327
2,1,17332
3,-1,
4,1,17337
0,1,17342
1,1,17347
2,1,17352
3,1,17357
4,1,17362
0,1,17366
1,1,17371
2,1,17375
3,1,17380
4,1,17385
0,1,17390
1,1,17395
2,-1,
3,1,17400
4,1,17405
0,-1,17410
1,1,17415
2,1,17420
3,1,17425
4,1,17429
0,1,17434
1,1,17439
2,1,17444
3,1,17449
4,1,17454
0,1,17458
1,1,17463
2,1,17467
3,1,17472
4,1,17477
0,1,17481
1,1,17486
2,1,17491
3,1,17496
4,1,17501
0,1,17505
1,1,17510
2,1,17515
3,1,17520
4,1,17525
0,1,17529
1,1,17533
2,1,17537
3,1,17541
1,1,17545
2,1,17549
3,1,17553
4,1,17557
0,-1,
1,1,17561
2,1,17566
3,1,17571
4,1,17576
0,-1,
1,1,17581
2,1,17586
3,1,17591
4,1,17596
0,1,17600
1,-1,
2,1,17604
3,1,17609
4,1,17614
0,1,17619
1,-1,
2,1,17624
3,1,17629
4,1,17634
0,1,17638
1,1,17642
2,1,17647
3,-1,
4,1,17651
0,1,17656
1,1,17661
2,1,17666
3,-1,
4,1,17670
0,1,17675
1,1,17679
3,-1,
4,1,17683
0,1,17687
1,1,17692
2,1,17697
3,-1,
4,1,17701
0,1,17705
1,1,17709
2,-1,
3,1,17714
4,1,17719
0,1,17724
1,1,17729
2,-1,
3,1,17734
4,1,17739
0,1,17744
1,1,17749
2,-1,
3,1,17754
4,1,17758
0,1,17763
1,1,17768
2,-1,
3,1,17773
4,1,17778
0,1,17782
1,1,17786
2,1,17791
3,1,17796
4,1,17801
0,1,17805
1,1,17810
2,1,17815
3,1,17820
4,1,17825
0,1,17829
1,1,17833
2,1,17837
3,1,17841
1,1,17845
2,1,17849
3,1,17853
4,1,17857
0,-1,
1,1,17861
2,1,17866
3,1,17871
4,1,17876
0,1,17881
1,-1,
2,-1,
3,1,17885
4,1,17890
0,1,17895
1,1,17900
2,-1,
3,1,17904
4,1,17909
0,1,17914
1,-1,
2,1,17918
3,-1,
4,1,17923
0,1,17928
1,1,17933
2,1,17938
3,-1,
4,1,17943
0,1,17948
1,-1,
2,1,17953
3,-1,
4,1,17957
0,1,17962
1,1,17966
2,-1,
3,1,17971
4,1,17975
0,1,17980
1,1,17985
2,-1,
3,1,17990
4,1,17994
0,1,17999
1,1,18003
2,-1,
4,1,18007
0,1,18011
1,1,18015
2,1,18020
3,1,18025
4,1,18030
0,1,18034
1,1,18039
2,1,18044
3,1,18049
4,1,18054
0,1,18058
1,1,18062
2,1,18066
3,1,18070
1,1,18074
2,1,18078
3,1,18082
4,1,18086
0,-1,
1,1,18089
2,1,18094
3,1,18099
4,1,18104
0,-1,
1,1,18108
2,1,18113
3,1,18118
4,1,18123
0,1,18127
1,-1,
2,-1,
3,1,18131
4,1,18136
0,1,18140
1,1,18145
2,-1,
3,1,18149
4,1,18154
0,1,18158
1,-1,
2,1,18163
3,1,18168
4,1,18173
0,1,18177
1,-1,
2,1,18181
3,1,18186
4,1,18191
0,1,18195
1,1,18200
2,1,18205
3,1,18210
4,1,18215
0,1,18219
1,-1,
2,1,18224
3,1,18228
4,1,18233
0,1,18237
1,1,18241
2,1,18246
3,1,18251
4,1,18256
0,1,18260
1,1,18265
2,1,18270
3,1,18275
4,1,18280
0,1,18284
1,1,18289
2,-1,
3,1,18294
4,1,18299
0,1,18303
1,1,18308
2,1,18313
3,1,18318
4,-1,18322
0,1,18326
1,1,18329
2,1,18333
3,1,18337
0,1,18341
1,1,18345
2,1,18349
3,1,18353
0,1,18357
1,1,18361
2,1,18365
3,1,18369
1,-1,
2,-1,18373
3,-1,18377
4,-1,18381
0,1,18385
1,1,18389
2,-1,18393
3,1,18398
4,1,18403
0,1,18408
1,-1,
2,1,18412
3,1,18417
4,1,18422
0,1,18427
1,-1,
2,1,18431
3,1,18436
4,1,18441
0,1,18446
1,-1,
2,1,18450
3,1,18455
4,1,18460
0,-1,18464
1,1,18469
2,1,18473
3,-1,
4,1,18478
0,-1,18483
1,-1,
2,1,18488
3,-1,
4,1,18492
0,1,18497
1,-1,
2,1,18502
3,-1,
4,1,18507
0,1,18512
1,-1,
2,1,18517
3,-1,
4,1,18522
0,1,18526
1,1,18531
2,-1,
3,1,18535
4,1,18540
0,1,18545
1,-1,
2,-1,
3,1,18550
4,1,18555
0,-1,18560
1,-1,
2,-1,
3,1,18565
4,1,18569
0,1,18574
1,-1,
2,-1,
3,1,18579
4,1,18584
0,1,18588
1,1,18593
2,1,18597
3,1,18602
4,1,18607
0,1,18611
1,-1,
2,1,18616
3,1,18621
4,1,18626
0,1,18630
1,-1,
2,1,18635
3,1,18640
4,1,18645
0,-1,18649
1,-1,
2,1,18653
3,1,18657
0,1,18661
1,1,18665
2,-1,
3,1,18669
4,1,18674
0,1,18679
2,-1,
3,1,18683
4,1,18687
0,1,18691
1,1,18696
2,-1,
3,1,18700
4,1,18705
0,1,18710
1,1,18715
2,-1,
3,1,18719
4,1,18724
0,1,18728
2,1,18732
3,1,18736
4,1,18740
0,1,18744
2,1,18748
3,1,18752
4,1,18756
0,1,18760
2,1,18764
3,1,18768
4,1,18772
0,-1,18775
1,1,18780
2,1,18784
3,-1,
4,1,18789
0,-1,
2,-1,18794
3,-1,
4,-1,18798
0,-1,
1,-1,18802
2,-1,18806
3,-1,
4,-1,18810
0,-1,
1,1,18815
2,1,18819
3,-1,
4,1,18824
0,-1,
1,1,18829
2,1,18833
3,-1,
4,1,18838
0,1,18842
1,1,18847
2,-1,
3,1,18851
4,1,18856
0,1,18861
2,-1,
3,1,18865
4,1,18869
0,1,18873
1,1,18878
2,-1,
3,1,18882
4,1,18886
0,1,18891
1,1,18896
2,-1,
3,1,18900
4,1,18905
0,1,18909
1,1,18914
2,1,18918
3,1,18923
4,1,18928
0,1,18932
2,-1,18936
3,1,18940
4,1,18944
0,1,18947
1,1,18952
2,1,18956
3,1,18961
4,1,18966
0,1,18970
1,1,18974
2,-1,18977
3,1,18981
0,1,18985
1,-1,
2,1,18989
3,1,18994
4,1,18999
0,1,19004
1,-1,
2,1,19009
3,1,19014
4,1,19019
0,1,19023
1,-1,
2,1,19028
3,-1,
4,1,19032
0,1,19037
1,-1,
3,-1,
4,1,19041
0,1,19045
1,-1,
2,1,19050
3,-1,
4,1,19054
0,1,19058
1,-1,
2,-1,
3,1,19063
4,1,19068
0,1,19073
1,-1,
2,-1,
3,1,19078
4,1,19082
0,1,19087
1,-1,
2,-1,
3,1,19092
4,1,19097
0,1,19101
1,-1,
2,1,19106
3,1,19111
4,1,19116
0,1,19120
1,-1,
2,1,19124
3,1,19128
0,1,19132
1,-1,
2,-1,
3,1,19136
4,1,19141
0,1,19146
1,1,19151
2,-1,
3,1,19155
4,1,19160
0,1,19165
1,-1,
2,1,19170
3,-1,
4,1,19175
0,-1,
1,1,19180
2,1,19184
3,-1,
4,1,19189
0,-1,
1,-1,
2,1,19194
3,-1,
4,1,19198
0,1,19203
1,-1,
2,-1,
3,1,19208
4,1,19212
0,1,19217
1,1,19222
2,-1,
3,1,19226
4,1,19230
0,1,19235
1,-1,
2,-1,
4,1,19239
0,1,19243
1,-1,
2,1,19248
3,1,19253
4,1,19258
0,1,19262
1,1,19267
2,1,19271
3,1,19276
4,1,19281
0,1,19285
1,-1,
2,1,19289
3,1,19293
0,1,19297
1,-1,
2,-1,
3,1,19301
4,1,19306
0,1,19310
1,1,19315
2,-1,
3,1,19319
4,1,19324
0,1,19328
1,-1,
2,1,19333
3,1,19338
4,1,19343
0,1,19347
1,-1,
2,1,19352
3,-1,
4,1,19357
0,-1,
1,1,19361
2,1,19365
3,-1,
4,1,19370
0,-1,
1,-1,
2,1,19374
3,-1,
4,1,19378
0,1,19382
1,-1,
2,-1,
3,1,19387
4,1,19392
0,1,19396
1,1,19401
2,-1,
3,1,19405
4,1,19410
0,1,19414
1,-1,
2,-1,
3,1,19419
4,1,19424
0,1,19428
1,-1,
2,-1,
3,1,19433
4,-1,19437
0,1,19441
1,-1,
2,1,19445
3,1,19449
0,1,19453
1,1,19457
2,1,19460
3,1,19464
0,1,19468
1,-1,
2,1,19472
3,1,19476
1,-1,19480
2,-1,19484
3,-1,19488
4,-1,19492
0,1,19496
1,1,19500
2,-1,19505
3,1,19510
4,1,19515
0,1,19520
1,-1,19524
2,1,19529
3,1,19533
4,1,19538
0,1,19543
1,1,19547
2,1,19552
3,-1,
4,1,19557
0,1,19562
1,1,19566
2,1,19571
3,1,19576
4,1,19581
0,-1,19585
1,1,19590
2,1,19594
3,-1,
4,1,19599
0,-1,19604
1,-1,
2,1,19609
3,-1,
4,1,19613
0,1,19618
1,-1,
2,1,19623
3,-1,
4,1,19628
0,1,19633
1,-1,
2,1,19638
3,-1,
4,1,19643
0,-1,19647
1,1,19652
2,-1,
3,-1,
4,1,19657
0,1,19662
1,1,19666
3,-1,
4,1,19670
0,1,19674
1,1,19679
2,-1,
3,-1,
4,1,19684
0,1,19689
1,1,19694
2,-1,
3,-1,
4,1,19699
0,1,19703
1,1,19708
2,-1,
3,-1,
4,1,19713
0,1,19718
1,-1,
2,1,19723
3,-1,
4,1,19727
0,-1,19732
1,-1,
2,-1,
3,1,19737
4,1,19741
0,1,19746
1,-1,
2,-1,
3,-1,
4,1,19751
0,1,19755
1,1,19760
2,1,19765
3,1,19770
4,1,19775
0,1,19779
1,1,19784
2,1,19789
3,1,19793
4,1,19798
0,1,19802
1,1,19807
2,1,19812
3,-1,
4,1,19817
0,-1,19821
1,1,19825
2,1,19829
3,1,19833
0,1,19837
1,1,19842
2,1,19846
3,1,19851
4,1,19856
0,1,19861
1,1,19866
2,1,19871
3,-1,
4,1,19876
0,1,19881
1,1,19886
2,1,19891
3,1,19896
4,1,19901
0,1,19905
1,1,19910
2,1,19914
3,1,19919
4,1,19924
0,1,19929
2,-1,19933
3,1,19937
4,1,19941
0,1,19945
1,1,19950
2,1,19954
3,-1,
4,1,19959
0,1,19964
1,1,19969
2,1,19973
3,1,19978
4,1,19983
0,-1,19987
1,1,19992
2,-1,
3,-1,
4,1,19997
0,1,20002
1,-1,20007
2,-1,
3,-1,
4,1,20011
0,1,20016
1,1,20020
3,-1,
4,-1,20024
0,1,20028
1,1,20033
2,-1,
3,-1,
4,1,20038
0,1,20043
1,1,20048
2,-1,
3,-1,
4,1,20053
0,1,20057
1,1,20062
2,-1,
3,-1,
4,1,20067
0,1,20072
1,1,20077
2,-1,
3,-1,
4,1,20081
0,1,20086
1,1,20091
2,-1,
3,1,20096
4,1,20100
0,1,20105
1,1,20110
2,-1,
3,-1,
4,1,20115
0,1,20119
1,1,20124
2,1,20129
3,1,20134
4,1,20139
0,1,20143
1,1,20148
2,1,20152
3,1,20157
4,1,20162
0,1,20166
1,1,20171
2,1,20176
3,-1,
4,1,20181
0,1,20185
1,1,20189
2,-1,20193
3,1,20197
0,1,20201
1,-1,
2,1,20205
3,1,20209
4,1,20214
0,1,20219
1,-1,
3,1,20223
4,1,20227
0,1,20231
1,-1,
2,1,20236
3,-1,
4,1,20240
0,1,20245
1,-1,
2,1,20250
3,1,20254
4,1,20259
0,-1,20263
1,-1,
2,1,20268
3,-1,
4,1,20272
0,-1,
1,-1,20277
2,-1,20281
3,-1,
4,-1,20285
0,-1,
1,-1,
3,-1,
4,-1,20290
0,-1,
1,-1,
2,1,20294
3,-1,
4,1,20298
0,-1,
1,-1,
2,1,20303
3,-1,
4,1,20307
0,1,20311
1,1,20315
3,1,20319
4,1,20323
0,1,20327
1,1,20331
3,-1,
4,1,20335
0,1,20339
1,1,20343
3,1,20347
4,1,20351
0,1,20354
1,-1,
2,1,20359
3,-1,
4,1,20363
0,1,20368
1,-1,
3,-1,
4,1,20372
0,1,20376
1,-1,
2,1,20381
3,1,20385
4,1,20389
0,1,20394
1,-1,
2,1,20399
3,-1,
4,1,20403
0,1,20407
1,1,20412
2,1,20417
3,1,20421
4,1,20426
0,1,20430
1,-1,20434
3,1,20438
4,1,20442
0,1,20445
1,1,20450
2,1,20455
3,-1,
4,1,20459
0,1,20463
1,-1,20467
2,1,20471
3,1,20474
0,1,20478
1,-1,
2,1,20482
3,-1,
4,1,20487
0,1,20492
1,1,20497
2,1,20502
3,-1,
4,1,20507
0,1,20512
1,-1,
2,1,20517
3,-1,
4,1,20521
0,1,20526
1,-1,
2,1,20531
3,-1,
4,1,20536
0,-1,
1,1,20541
2,1,20545
3,-1,
4,1,20550
0,-1,
1,-1,
2,1,20555
3,-1,
4,1,20559
0,1,20564
1,1,20569
2,-1,
3,-1,
4,1,20574
0,1,20579
1,1,20584
2,-1,
3,-1,
4,1,20589
0,1,20594
1,1,20598
3,-1,
4,1,20602
0,1,20606
1,1,20611
2,1,20616
3,-1,
4,1,20621
0,1,20625
1,1,20630
2,1,20635
3,-1,
4,1,20640
0,1,20644
1,1,20649
2,1,20654
3,-1,
4,1,20658
0,1,20662
1,1,20666
2,1,20670
3,-1,
0,1,20674
1,-1,
2,1,20678
3,1,20683
4,1,20688
0,1,20692
1,1,20697
2,1,20702
3,1,20707
4,1,20712
0,1,20716
1,-1,
2,1,20721
3,1,20725
4,1,20730
0,1,20734
1,-1,
2,1,20739
3,-1,
4,1,20744
0,-1,
1,1,20748
2,1,20752
3,-1,
4,1,20757
0,-1,
1,-1,
2,1,20761
3,-1,
4,1,20765
0,1,20769
1,1,20774
2,-1,
3,-1,
4,1,20779
0,1,20783
1,1,20788
2,-1,
3,-1,
4,1,20793
0,1,20797
1,-1,
2,-1,
3,-1,
4,1,20802
0,1,20806
1,1,20811
2,-1,
3,-1,
4,1,20816
0,1,20820
1,-1,
2,1,20825
3,-1,
4,1,20829
0,1,20833
1,-1,
2,-1,
3,1,20838
4,1,20842
0,1,20846
1,1,20850
2,1,20854
3,1,20858
0,1,20862
1,1,20866
2,1,20870
3,1,20874
0,1,20878
1,1,20882
2,1,20886
3,1,20889
1,-1,20893
2,-1,20897
3,-1,20901
4,1,20905
0,1,20909
1,1,20913
2,1,20918
3,1,20923
4,1,20928
0,1,20933
1,1,20937
2,-1,
3,1,20942
4,1,20947
0,1,20952
1,-1,20956
2,-1,20961
3,1,20966
4,1,20970
0,1,20975
1,1,20979
2,1,20984
3,1,20989
4,1,20994
0,1,20998
1,1,21003
2,-1,
3,1,21007
4,1,21012
0,1,21017
1,-1,
2,-1,
3,1,21022
4,1,21027
0,-1,21032
1,-1,
2,-1,
3,1,21037
4,1,21041
0,1,21046
1,-1,
2,-1,
3,1,21051
4,1,21056
0,1,21060
1,1,21065
2,-1,
3,-1,
4,1,21070
0,1,21075
1,-1,
2,1,21080
3,-1,
4,1,21084
0,-1,21089
1,-1,
2,-1,
3,1,21094
4,1,21098
0,1,21103
1,-1,
2,-1,
3,-1,
4,1,21108
0,1,21112
1,1,21117
2,-1,
3,-1,
4,1,21122
0,1,21127
1,1,21132
2,-1,
3,-1,
4,1,21137
0,-1,21142
1,1,21146
2,-1,
4,1,21150
0,1,21154
1,1,21159
2,-1,
3,-1,
4,1,21164
0,1,21168
1,1,21173
2,1,21178
3,1,21183
4,1,21188
0,1,21192
1,1,21197
2,-1,
3,1,21202
4,1,21207
0,1,21211
1,1,21216
2,1,21221
3,1,21226
4,1,21230
0,1,21234
1,1,21238
2,1,21242
3,1,21246
0,1,21250
1,1,21255
2,1,21259
3,1,21264
4,1,21269
0,1,21274
1,1,21279
2,-1,
3,1,21284
4,1,21289
0,-1,21294
1,1,21299
2,1,21304
3,1,21309
4,1,21313
0,1,21318
1,1,21323
2,1,21328
3,1,21333
4,1,21338
0,1,21342
1,1,21347
2,1,21351
3,1,21356
4,1,21361
0,1,21366
2,1,21370
3,-1,21374
4,1,21378
0,1,21382
1,1,21387
2,-1,
3,1,21391
4,1,21396
0,1,21401
1,1,21406
2,1,21410
3,1,21415
4,1,21419
0,1,21424
1,1,21429
2,1,21433
3,1,21438
4,1,21443
0,1,21447
1,1,21452
2,-1,
3,-1,
4,1,21457
0,1,21462
1,1,21467
2,-1,
3,-1,
4,1,21471
0,1,21476
1,1,21481
2,-1,
3,1,21486
4,1,21490
0,1,21495
1,1,21500
2,-1,
3,-1,
4,1,21505
0,1,21509
1,1,21514
2,-1,
3,-1,
4,1,21519
0,1,21524
1,1,21529
2,-1,
3,-1,
4,1,21533
0,1,21538
1,1,21543
2,-1,
3,-1,
4,1,21548
0,1,21553
1,-1,21557
2,-1,
4,-1,21561
0,1,21565
1,1,21570
2,-1,
3,-1,
4,-1,21575
0,1,21579
1,1,21584
2,1,21589
3,1,21594
4,1,21599
0,1,21603
1,1,21608
2,1,21612
3,1,21617
4,1,21622
0,1,21626
1,1,21631
2,-1,
3,1,21636
4,1,21641
0,1,21645
1,1,21650
2,1,21655
3,1,21660
4,1,21664
0,1,21668
1,1,21672
2,1,21676
3,-1,21680
0,1,21684
1,1,21688
2,-1,
3,1,21693
4,1,21698
0,1,21703
1,1,21708
2,-1,
3,1,21713
4,1,21718
0,1,21723
1,1,21728
2,-1,
3,1,21733
4,1,21737
0,1,21742
1,1,21747
2,-1,
3,1,21752
4,1,21757
0,1,21761
1,-1,
2,-1,
3,1,21766
4,1,21771
0,1,21776
1,-1,
2,-1,
3,1,21781
4,1,21785
0,1,21790
1,-1,
2,-1,
3,1,21795
4,1,21800
0,1,21804
1,1,21809
2,-1,
3,-1,
4,1,21814
0,1,21819
1,1,21824
2,-1,
3,-1,
4,1,21829
0,1,21834
1,1,21838
2,-1,
4,1,21842
0,1,21846
1,1,21851
2,-1,
3,-1,
4,1,21856
0,1,21860
1,1,21865
2,-1,
3,1,21870
4,1,21875
0,1,21879
1,1,21884
2,-1,
3,1,21889
4,1,21894
0,1,21898
1,1,21903
2,-1,
3,1,21908
4,1,21912
0,1,21916
1,1,21920
2,-1,
3,1,21924
0,1,21928
1,-1,21932
2,1,21937
3,1,21942
4,1,21946
0,-1,21951
1,1,21956
2,1,21961
3,1,21966
4,1,21970
0,1,21975
1,1,21980
2,-1,
3,1,21985
4,1,21989
0,-1,21994
1,-1,21998
2,-1,22002
4,1,22006
0,1,22010
1,1,22015
2,1,22020
3,1,22025
4,-1,22029
0,-1,22033
1,-1,
2,-1,
3,1,22038
4,1,22042
0,1,22047
1,1,22052
2,-1,
3,1,22056
4,1,22060
0,1,22065
1,-1,
2,-1,
3,1,22070
4,1,22074
0,-1,22079
1,-1,
2,-1,
4,-1,22083
0,1,22087
1,-1,
2,-1,
3,1,22092
4,-1,22096
0,-1,22100
1,-1,
2,-1,
3,1,22105
4,1,22109
0,1,22114
1,1,22119
2,-1,
3,1,22124
4,1,22128
0,1,22133
1,-1,
2,1,22138
3,1,22142
4,1,22146
0,-1,22151
1,-1,
2,-1,
4,-1,22155
0,1,22159
1,-1,
2,-1,
3,1,22164
4,1,22168
0,1,22172
1,1,22176
2,1,22180
4,1,22184
0,1,22188
1,1,22192
2,1,22196
4,1,22200
0,1,22204
1,1,22208
2,-1,
4,1,22212
0,1,22216
1,1,22220
2,1,22224
4,1,22228
0,1,22231
1,1,22236
2,1,22241
3,1,22246
4,1,22250
0,1,22254
1,1,22259
2,1,22264
3,1,22269
4,1,22273
0,1,22277
1,1,22282
2,-1,
3,1,22287
4,1,22291
0,1,22295
1,-1,22299
2,-1,22303
4,1,22307
0,1,22310
1,1,22314
2,-1,22318
3,1,22322
0,1,22325
1,1,22329
2,1,22334
3,1,22339
4,1,22344
0,1,22348
1,1,22353
2,1,22358
3,1,22363
4,1,22368
0,1,22372
1,1,22377
2,-1,
3,1,22382
4,1,22387
0,1,22391
1,1,22396
2,1,22401
3,1,22406
4,-1,22410
0,1,22414
1,-1,
2,-1,
3,1,22419
4,1,22424
0,1,22428
1,1,22433
2,-1,
3,1,22437
4,1,22442
0,1,22446
1,-1,
2,-1,
3,1,22451
4,1,22456
0,1,22460
1,-1,
2,-1,
3,1,22465
4,-1,22469
0,1,22473
1,-1,
2,-1,
3,-1,
4,1,22478
0,1,22482
1,1,22487
2,-1,
3,-1,
4,1,22492
0,1,22496
1,-1,
2,1,22501
3,-1,
4,1,22505
0,1,22509
1,-1,
2,-1,
3,1,22514
4,1,22518
0,1,22522
1,1,22527
2,-1,
3,-1,
4,1,22532
0,1,22536
1,1,22541
2,-1,
3,-1,
4,-1,22546
0,1,22550
1,1,22555
2,-1,
3,-1,
4,1,22560
0,1,22564
1,1,22568
2,-1,
4,-1,22572
0,1,22575
1,1,22579
2,1,22583
3,1,22587
0,1,22591
1,1,22595
2,1,22599
3,-1,22603
0,1,22607
1,1,22611
2,-1,
3,1,22615
0,-1,22619
1,-1,22623
2,1,22627
3,1,22631
1,-1,22634
2,-1,22638
3,1,22642
4,1,22646
0,1,22649
1,1,22653
2,1,22658
3,1,22663
4,1,22668
0,1,22672
1,1,22676
2,1,22681
3,1,22686
4,1,22691
0,1,22695
1,1,22699
2,1,22704
3,1,22709
4,1,22714
0,1,22718
1,-1,22721
2,-1,22725
3,1,22729
0,1,22733
1,1,22738
2,1,22742
3,1,22747
4,1,22752
0,1,22756
1,-1,
2,1,22761
3,1,22766
4,1,22771
0,1,22775
1,-1,
2,1,22780
3,1,22785
4,1,22790
0,-1,22794
1,-1,
2,1,22798
3,1,22802
0,1,22806
1,1,22811
2,1,22816
3,1,22821
4,1,22826
0,1,22830
1,1,22835
2,1,22840
3,1,22844
4,1,22849
0,1,22853
1,1,22858
2,1,22863
3,-1,
4,1,22868
0,-1,22872
1,1,22876
2,1,22880
3,1,22884
0,1,22888
1,1,22893
2,1,22898
3,1,22903
4,1,22908
0,1,22912
1,1,22917
2,-1,
3,1,22922
4,1,22927
0,1,22931
1,1,22936
2,1,22941
3,1,22946
4,1,22950
0,1,22954
1,1,22958
2,1,22962
3,1,22966
0,1,22970
1,1,22974
2,1,22978
3,1,22982
0,1,22986
1,1,22990
2,1,22994
3,1,22998
0,1,23002
1,1,23006
2,1,23010
3,1,23014
0,1,23018
1,1,23023
2,1,23027
3,1,23032
4,1,23037
0,1,23041
1,1,23046
2,1,23051
3,1,23056
4,1,23061
0,1,23065
1,1,23070
2,1,23075
3,1,23080
4,1,23085
0,1,23089
1,1,23093
2,1,23097
3,1,23101
0,1,23105
1,1,23110
2,1,23114
3,1,23119
4,1,23124
0,1,23128
2,1,23132
3,1,23136
4,1,23140
0,1,23143
1,1,23148
2,1,23152
3,1,23157
4,1,23162
0,1,23166
1,1,23171
2,1,23175
3,1,23180
4,1,23185
0,1,23189
1,1,23193
2,1,23196
3,1,23200
0,1,23204
1,1,23209
2,1,23214
3,1,23219
4,1,23224
0,1,23228
1,1,23233
2,1,23237
3,1,23242
4,1,23247
0,1,23251
1,1,23256
2,1,23261
3,-1,
4,1,23266
0,1,23270
1,1,23274
2,-1,23278
3,1,23282
0,1,23286
1,1,23291
2,1,23296
3,1,23301
4,1,23306
0,1,23310
1,1,23315
2,1,23319
3,1,23324
4,1,23329
0,1,23333
1,1,23338
2,-1,
3,1,23343
4,1,23348
0,1,23352
1,1,23357
2,1,23362
3,1,23367
4,1,23371
0,1,23375
1,1,23379
2,1,23383
3,-1,23387
0,1,23391
1,1,23395
2,1,23399
3,1,23403
0,1,23407
1,1,23411
2,1,23414
3,1,23418
0,1,23422
1,1,23426
2,1,23430
3,1,23434
0,1,23438
1,1,23442
2,1,23446
3,1,23450
0,1,23454
1,1,23458
2,1,23463
3,1,23468
4,1,23473
0,1,23477
1,1,23482
2,1,23487
3,1,23492
4,1,23497
0,1,23501
1,1,23505
2,1,23509
3,1,23513
0,1,23517
1,-1,
2,1,23522
3,1,23527
4,1,23532
0,1,23536
1,-1,
2,1,23540
3,1,23544
0,1,23548
1,1,23553
2,1,23558
3,-1,
4,1,23562
0,1,23566
1,1,23571
2,1,23576
3,-1,
4,1,23580
0,1,23584
1,1,23588
3,-1,
4,1,23592
0,1,23595
1,1,23599
2,1,23603
3,-1,
0,1,23606
1,1,23611
2,-1,
3,1,23616
4,1,23621
0,1,23625
1,1,23630
2,-1,
3,1,23635
4,1,23640
0,1,23644
1,1,23649
2,-1,
3,1,23654
4,1,23658
0,1,23662
1,1,23666
2,-1,
3,1,23670
0,1,23674
1,1,23678
2,1,23682
3,1,23686
0,1,23690
1,1,23694
2,1,23698
3,1,23702
0,1,23706
1,1,23710
2,1,23715
3,1,23720
4,1,23725
0,1,23729
1,1,23734
2,1,23739
3,1,23744
4,1,23749
0,1,23753
1,1,23757
2,1,23761
3,1,23765
0,1,23769
1,-1,
2,1,23774
3,1,23779
4,1,23784
0,1,23788
1,1,23793
2,1,23797
3,1,23802
4,1,23807
0,1,23811
1,-1,
2,1,23815
3,1,23819
0,1,23823
1,1,23828
2,1,23833
3,-1,
4,1,23838
0,1,23842
1,1,23847
2,1,23852
3,-1,
4,1,23857
0,1,23861
1,1,23866
2,1,23871
3,-1,
4,1,23875
0,1,23879
1,1,23883
2,1,23887
3,-1,
0,1,23891
1,1,23896
2,-1,
3,1,23901
4,1,23905
0,1,23909
1,1,23914
2,-1,
3,1,23919
4,1,23923
0,1,23927
1,1,23931
2,-1,
4,1,23935
0,1,23938
1,1,23942
2,-1,
3,1,23946
0,1,23949
1,1,23953
2,1,23957
3,1,23961
0,1,23965
1,1,23969
2,1,23973
3,1,23977
0,1,23981
1,-1,23984
2,1,23988
3,1,23992
0,1,23996
1,1,24000
2,1,24004
3,1,24008
0,1,24012
1,1,24016
2,1,24020
3,1,24024
0,1,24028
1,1,24032
2,1,24036
3,1,24040
0,-1,24044
1,-1,
2,1,24048
3,1,24052
0,1,24056
1,1,24060
2,-1,24063
3,1,24067
0,1,24071
1,-1,
2,1,24075
3,1,24079
0,1,24083
1,-1,
2,1,24087
3,1,24091
0,-1,24095
1,1,24099
2,1,24103
3,1,24107
0,1,24111
1,1,24115
2,-1,24119
3,1,24123
0,1,24127
1,-1,24131
2,1,24135
3,1,24138
0,1,24142
1,1,24146
2,1,24150
3,-1,
0,1,24154
1,1,24158
2,1,24162
3,1,24166
0,1,24170
1,1,24174
2,1,24178
3,-1,24182
0,1,24186
1,1,24190
2,-1,
3,1,24194
0,1,24198
1,1,24202
2,-1,24206
3,1,24210
